-200	0.87	0.49	1.79	nan	nan	-1.57	-361298688406287447936182099119457259649839255735402633528056948719124725107533331562496.00	361298688406287447936182099119457259649839255735402633528056948719124725107533331562496.00	-1.00	-5.99	nan	nan	0.00	nan	nan	nan	nan	40000.00	-8000000.00	-nan	-0.01	0.00	-0.00	200.000000
-199	0.88	-0.47	-1.87	nan	nan	-1.57	-132914359586880095609984021290137688927391354909657654005937174817638084215622139379712.00	132914359586880095609984021290137688927391354909657654005937174817638084215622139379712.00	-1.00	-5.99	nan	nan	0.00	nan	nan	nan	nan	39601.00	-7880599.00	-nan	-0.01	0.00	-0.00	199.000000
-198	0.08	-1.00	-0.08	nan	nan	-1.57	-48896460328481591319376617921604301037366033366597492687642763614380510724908428296192.00	48896460328481591319376617921604301037366033366597492687642763614380510724908428296192.00	-1.00	-5.98	nan	nan	0.00	nan	nan	nan	nan	39204.00	-7762392.00	-nan	-0.01	0.00	-0.00	198.000000
-197	-0.80	-0.61	1.31	nan	nan	-1.57	-17988002500903406944443640732212682835406434204555661564487392561312859483962743980032.00	17988002500903406944443640732212682835406434204555661564487392561312859483962743980032.00	-1.00	-5.98	nan	nan	0.00	nan	nan	nan	nan	38809.00	-7645373.00	-nan	-0.01	0.00	-0.00	197.000000
-196	-0.94	0.34	-2.74	nan	nan	-1.57	-6617416307822852097803362000654368527814656105279499006359692126183637041110199566336.00	6617416307822852097803362000654368527814656105279499006359692126183637041110199566336.00	-1.00	-5.97	nan	nan	0.00	nan	nan	nan	nan	38416.00	-7529536.00	-nan	-0.01	0.00	-0.00	196.000000
-195	-0.22	0.98	-0.22	nan	nan	-1.57	-2434411413320659767808796483597533928505190424812919958981045897797222676337457627136.00	2434411413320659767808796483597533928505190424812919958981045897797222676337457627136.00	-1.00	-5.97	nan	nan	0.00	nan	nan	nan	nan	38025.00	-7414875.00	-nan	-0.01	0.00	-0.00	195.000000
-194	0.70	0.71	0.99	nan	nan	-1.57	-895569910313785415036166637124060810903440323494971176959145760513037809410409234432.00	895569910313785415036166637124060810903440323494971176959145760513037809410409234432.00	-1.00	-5.96	nan	nan	0.00	nan	nan	nan	nan	37636.00	-7301384.00	-nan	-0.01	0.00	-0.00	194.000000
-193	0.98	-0.21	-4.74	nan	nan	-1.57	-329461758136194113038555066136309724464344777941566441727072369538713265819927707648.00	329461758136194113038555066136309724464344777941566441727072369538713265819927707648.00	-1.00	-5.96	nan	nan	0.00	nan	nan	nan	nan	37249.00	-7189057.00	-nan	-0.01	0.00	-0.00	193.000000
-192	0.35	-0.93	-0.38	nan	nan	-1.57	-121202207470503981178528154232317808911401613203381437856343718056287637469982097408.00	121202207470503981178528154232317808911401613203381437856343718056287637469982097408.00	-1.00	-5.95	nan	nan	0.00	nan	nan	nan	nan	36864.00	-7077888.00	-nan	-0.01	0.00	-0.00	192.000000
-191	-0.59	-0.80	0.74	nan	nan	-1.57	-44587800352994216159868806773455136013084143224214539871525806714130685026975612928.00	44587800352994216159868806773455136013084143224214539871525806714130685026975612928.00	-1.00	-5.95	nan	nan	0.00	nan	nan	nan	nan	36481.00	-6967871.00	-nan	-0.01	0.00	-0.00	191.000000
-190	-1.00	0.07	-15.05	nan	nan	-1.57	-16402935076923352356501851911247646213246825033294495869406766346562592083896434688.00	16402935076923352356501851911247646213246825033294495869406766346562592083896434688.00	-1.00	-5.94	nan	nan	0.00	nan	nan	nan	nan	36100.00	-6859000.00	-nan	-0.01	0.00	-0.00	190.000000
-189	-0.48	0.88	-0.55	nan	nan	-1.57	-6034302589670011190099111161838979114730540186586703712158959741007849306743373824.00	6034302589670011190099111161838979114730540186586703712158959741007849306743373824.00	-1.00	-5.93	nan	nan	0.00	nan	nan	nan	nan	35721.00	-6751269.00	-nan	-0.01	0.00	-0.00	189.000000
-188	0.48	0.88	0.54	nan	nan	-1.57	-2219895864547191211955911735497493526090967105952780102204614425155985032077115392.00	2219895864547191211955911735497493526090967105952780102204614425155985032077115392.00	-1.00	-5.93	nan	nan	0.00	nan	nan	nan	nan	35344.00	-6644672.00	-nan	-0.01	0.00	-0.00	188.000000
-187	1.00	0.08	13.27	nan	nan	-1.57	-816654050108416479483362869590492125714297594998104462381952762596590690915844096.00	816654050108416479483362869590492125714297594998104462381952762596590690915844096.00	-1.00	-5.92	nan	nan	0.00	nan	nan	nan	nan	34969.00	-6539203.00	-nan	-0.01	0.00	-0.00	187.000000
-186	0.60	-0.80	-0.75	nan	nan	-1.57	-300430235584279324553433899994081583978509447271078178313973409460751042365882368.00	300430235584279324553433899994081583978509447271078178313973409460751042365882368.00	-1.00	-5.92	nan	nan	0.00	nan	nan	nan	nan	34596.00	-6434856.00	-nan	-0.01	0.00	-0.00	186.000000
-185	-0.35	-0.94	0.37	nan	nan	-1.57	-110522107177749440236155414442893821065574718873913566947123668928339698318835712.00	110522107177749440236155414442893821065574718873913566947123668928339698318835712.00	-1.00	-5.91	nan	nan	0.00	nan	nan	nan	nan	34225.00	-6331625.00	-nan	-0.01	0.00	-0.00	185.000000
-184	-0.98	-0.22	4.54	nan	nan	-1.57	-40658811025640717105848727770129739660845868484081382043543023338416030791761920.00	40658811025640717105848727770129739660845868484081382043543023338416030791761920.00	-1.00	-5.91	nan	nan	0.00	nan	nan	nan	nan	33856.00	-6229504.00	-nan	-0.01	0.00	-0.00	184.000000
-183	-0.71	0.71	-1.00	nan	nan	-1.57	-14957540678807984016648350897806181496825166470380590182139668195511331643719680.00	14957540678807984016648350897806181496825166470380590182139668195511331643719680.00	-1.00	-5.90	nan	nan	0.00	nan	nan	nan	nan	33489.00	-6128487.00	-nan	-0.01	0.00	-0.00	183.000000
-182	0.21	0.98	0.22	nan	nan	-1.57	-5502571706218997759857812890764199104740551006618786766260049917258179381559296.00	5502571706218997759857812890764199104740551006618786766260049917258179381559296.00	-1.00	-5.90	nan	nan	0.00	nan	nan	nan	nan	33124.00	-6028568.00	-nan	-0.01	0.00	-0.00	182.000000
-181	0.94	0.35	2.67	nan	nan	-1.57	-2024283004289634579012670056896379614620339489900993535187886247104254736072704.00	2024283004289634579012670056896379614620339489900993535187886247104254736072704.00	-1.00	-5.89	nan	nan	0.00	nan	nan	nan	nan	32761.00	-5929741.00	-nan	-0.01	0.00	-0.00	181.000000
-180	0.80	-0.60	-1.34	nan	nan	-1.57	-744692100390919148529781948394166858221345522376264385313889540325861591351296.00	744692100390919148529781948394166858221345522376264385313889540325861591351296.00	-1.00	-5.89	nan	nan	0.00	nan	nan	nan	nan	32400.00	-5832000.00	-nan	-0.01	0.00	-0.00	180.000000
-179	-0.07	-1.00	0.07	nan	nan	-1.57	-273956913736598991097245550419055143408671189537986321774721001233135687434240.00	273956913736598991097245550419055143408671189537986321774721001233135687434240.00	-1.00	-5.88	nan	nan	0.00	nan	nan	nan	nan	32041.00	-5735339.00	-nan	-0.01	0.00	-0.00	179.000000
-178	-0.88	-0.48	1.83	nan	nan	-1.57	-100783116330473057129195543701554413177618259591125910348978142848793555501056.00	100783116330473057129195543701554413177618259591125910348978142848793555501056.00	-1.00	-5.87	nan	nan	0.00	nan	nan	nan	nan	31684.00	-5639752.00	-nan	-0.01	0.00	-0.00	178.000000
-177	-0.88	0.48	-1.83	nan	nan	-1.57	-37076036515170894481027654467610193630011500396219771440208046812360400175104.00	37076036515170894481027654467610193630011500396219771440208046812360400175104.00	-1.00	-5.87	nan	nan	0.00	nan	nan	nan	nan	31329.00	-5545233.00	-nan	-0.01	0.00	-0.00	177.000000
-176	-0.07	1.00	-0.07	nan	nan	-1.57	-13639511594053057263816499528006545581695616451887664601542464400776767733760.00	13639511594053057263816499528006545581695616451887664601542464400776767733760.00	-1.00	-5.86	nan	nan	0.00	nan	nan	nan	nan	30976.00	-5451776.00	-nan	-0.01	0.00	-0.00	176.000000
-175	0.80	0.60	1.34	nan	nan	-1.57	-5017695903071647365987834683491611718342348928123493692332402711675495514112.00	5017695903071647365987834683491611718342348928123493692332402711675495514112.00	-1.00	-5.86	nan	nan	0.00	nan	nan	nan	nan	30625.00	-5359375.00	-nan	-0.01	0.00	-0.00	175.000000
-174	0.94	-0.35	-2.67	nan	nan	-1.57	-1845907164790233143578875945727339064082475976545780913861258826843615657984.00	1845907164790233143578875945727339064082475976545780913861258826843615657984.00	-1.00	-5.85	nan	nan	0.00	nan	nan	nan	nan	30276.00	-5268024.00	-nan	-0.01	0.00	-0.00	174.000000
-173	0.21	-0.98	-0.22	nan	nan	-1.57	-679071296237392457985058457339239244907819812116577242741159954812837560320.00	679071296237392457985058457339239244907819812116577242741159954812837560320.00	-1.00	-5.85	nan	nan	0.00	nan	nan	nan	nan	29929.00	-5177717.00	-nan	-0.01	0.00	-0.00	173.000000
-172	-0.71	-0.71	1.00	nan	nan	-1.56	-249816368975378905862842028375476147861329096841353084234497633571626287104.00	249816368975378905862842028375476147861329096841353084234497633571626287104.00	-1.00	-5.84	nan	nan	0.00	nan	nan	nan	nan	29584.00	-5088448.00	-nan	-0.01	0.00	-0.00	172.000000
-171	-0.98	0.22	-4.54	nan	nan	-1.56	-91902306214141231853716674280543656810410682520618633294654184515761602560.00	91902306214141231853716674280543656810410682520618633294654184515761602560.00	-1.00	-5.83	nan	nan	0.00	nan	nan	nan	nan	29241.00	-5000211.00	-nan	-0.01	0.00	-0.00	171.000000
-170	-0.35	0.94	-0.37	nan	nan	-1.56	-33808969052425045591112384893201594978263381933994317485819512141067059200.00	33808969052425045591112384893201594978263381933994317485819512141067059200.00	-1.00	-5.83	nan	nan	0.00	nan	nan	nan	nan	28900.00	-4913000.00	-nan	-0.01	0.00	-0.00	170.000000
-169	0.60	0.80	0.75	nan	nan	-1.56	-12437624641588714836799558814298467037025649362515656369275221160929263616.00	12437624641588714836799558814298467037025649362515656369275221160929263616.00	-1.00	-5.82	nan	nan	0.00	nan	nan	nan	nan	28561.00	-4826809.00	-nan	-0.01	0.00	-0.00	169.000000
-168	1.00	-0.08	-13.27	nan	nan	-1.56	-4575546402647816821610861994255425435773284492556336983513062411499208704.00	4575546402647816821610861994255425435773284492556336983513062411499208704.00	-1.00	-5.82	nan	nan	0.00	nan	nan	nan	nan	28224.00	-4741632.00	-nan	-0.01	0.00	-0.00	168.000000
-167	0.48	-0.88	-0.54	nan	nan	-1.56	-1683249453660082030919999591432157425498712071823594330580361204218200064.00	1683249453660082030919999591432157425498712071823594330580361204218200064.00	-1.00	-5.81	nan	nan	0.00	nan	nan	nan	nan	27889.00	-4657463.00	-nan	-0.01	0.00	-0.00	167.000000
-166	-0.48	-0.88	0.55	nan	nan	-1.56	-619232868364606618622133532134303108468029349982385037948466028427083776.00	619232868364606618622133532134303108468029349982385037948466028427083776.00	-1.00	-5.81	nan	nan	0.00	nan	nan	nan	nan	27556.00	-4574296.00	-nan	-0.01	0.00	-0.00	166.000000
-165	-1.00	-0.07	15.04	nan	nan	-1.56	-227803041568960763058627100113385223270690983461624111387508190874697728.00	227803041568960763058627100113385223270690983461624111387508190874697728.00	-1.00	-5.80	nan	nan	0.00	nan	nan	nan	nan	27225.00	-4492125.00	-nan	-0.01	0.00	-0.00	165.000000
-164	-0.59	0.80	-0.74	nan	nan	-1.56	-83804055629544140168640851068590776819554494302804210131756580264214528.00	83804055629544140168640851068590776819554494302804210131756580264214528.00	-1.00	-5.79	nan	nan	0.00	nan	nan	nan	nan	26896.00	-4410944.00	-nan	-0.01	0.00	-0.00	164.000000
-163	0.35	0.93	0.38	nan	nan	-1.56	-30829789152897165400194221890106817656747302755073422851706485926264832.00	30829789152897165400194221890106817656747302755073422851706485926264832.00	-1.00	-5.79	nan	nan	0.00	nan	nan	nan	nan	26569.00	-4330747.00	-nan	-0.01	0.00	-0.00	163.000000
-162	0.98	0.21	4.74	nan	nan	-1.56	-11341645605001201653530489250498031368653787264725074765033119512788992.00	11341645605001201653530489250498031368653787264725074765033119512788992.00	-1.00	-5.78	nan	nan	0.00	nan	nan	nan	nan	26244.00	-4251528.00	-nan	-0.01	0.00	-0.00	162.000000
-161	0.70	-0.71	-0.99	nan	nan	-1.56	-4172358247132387478834915251901903619896066124625966394979993199312896.00	4172358247132387478834915251901903619896066124625966394979993199312896.00	-1.00	-5.77	nan	nan	0.00	nan	nan	nan	nan	25921.00	-4173281.00	-nan	-0.01	0.00	-0.00	161.000000
-160	-0.22	-0.98	0.22	nan	nan	-1.56	-1534924820322121211490125965942273759412785180264163652976871265533952.00	1534924820322121211490125965942273759412785180264163652976871265533952.00	-1.00	-5.77	nan	nan	0.00	nan	nan	nan	nan	25600.00	-4096000.00	-nan	-0.01	0.00	-0.00	160.000000
-159	-0.94	-0.34	2.74	nan	nan	-1.56	-564667285140278515123042565280157832538343531621399061175619110830080.00	564667285140278515123042565280157832538343531621399061175619110830080.00	-1.00	-5.76	nan	nan	0.00	nan	nan	nan	nan	25281.00	-4019679.00	-nan	-0.01	0.00	-0.00	159.000000
-158	-0.80	0.61	-1.31	nan	nan	-1.56	-207729485305201111354035315884879423490915545120780061126748310339584.00	207729485305201111354035315884879423490915545120780061126748310339584.00	-1.00	-5.76	nan	nan	0.00	nan	nan	nan	nan	24964.00	-3944312.00	-nan	-0.01	0.00	-0.00	158.000000
-157	0.08	1.00	0.08	nan	nan	-1.56	-76419406968908732485032266089849524181466171584576570867688704835584.00	76419406968908732485032266089849524181466171584576570867688704835584.00	-1.00	-5.75	nan	nan	0.00	nan	nan	nan	nan	24649.00	-3869893.00	-nan	-0.01	0.00	-0.00	157.000000
-156	0.88	0.47	1.87	nan	nan	-1.56	-28113128730375167192203380239188750757745175706787557799948252610560.00	28113128730375167192203380239188750757745175706787557799948252610560.00	-1.00	-5.74	nan	nan	0.00	nan	nan	nan	nan	24336.00	-3796416.00	-nan	-0.01	0.00	-0.00	156.000000
-155	0.87	-0.49	-1.79	nan	nan	-1.56	-10342242086911236682803765477751363808622442002082748641717618999296.00	10342242086911236682803765477751363808622442002082748641717618999296.00	-1.00	-5.74	nan	nan	0.00	nan	nan	nan	nan	24025.00	-3723875.00	-nan	-0.01	0.00	-0.00	155.000000
-154	0.06	-1.00	-0.06	nan	nan	-1.56	-3804698239392677175631157832438426662834665917599470833300234305536.00	3804698239392677175631157832438426662834665917599470833300234305536.00	-1.00	-5.73	nan	nan	0.00	nan	nan	nan	nan	23716.00	-3652264.00	-nan	-0.01	0.00	-0.00	154.000000
-153	-0.81	-0.59	1.36	nan	nan	-1.56	-1399670262133748576693413838793503293345467296202570620773184045056.00	1399670262133748576693413838793503293345467296202570620773184045056.00	-1.00	-5.72	nan	nan	0.00	nan	nan	nan	nan	23409.00	-3581577.00	-nan	-0.01	0.00	-0.00	153.000000
-152	-0.93	0.36	-2.60	nan	nan	-1.56	-514909913858049554159104842737692835377879455321936476353756921856.00	514909913858049554159104842737692835377879455321936476353756921856.00	-1.00	-5.72	nan	nan	0.00	nan	nan	nan	nan	23104.00	-3511808.00	-nan	-0.01	0.00	-0.00	152.000000
-151	-0.20	0.98	-0.21	nan	nan	-1.56	-189424771363734791046794793174416485802385074008118072805167202304.00	189424771363734791046794793174416485802385074008118072805167202304.00	-1.00	-5.71	nan	nan	0.00	nan	nan	nan	nan	22801.00	-3442951.00	-nan	-0.01	0.00	-0.00	151.000000
-150	0.71	0.70	1.02	nan	nan	-1.56	-69685479033318984514693906469418509399191154628802999332682858496.00	69685479033318984514693906469418509399191154628802999332682858496.00	-1.00	-5.70	nan	nan	0.00	nan	nan	nan	nan	22500.00	-3375000.00	-nan	-0.01	0.00	-0.00	150.000000
-149	0.97	-0.22	-4.36	nan	nan	-1.56	-25635855084541648926558718877024485708832537425592500870266748928.00	25635855084541648926558718877024485708832537425592500870266748928.00	-1.00	-5.70	nan	nan	0.00	nan	nan	nan	nan	22201.00	-3307949.00	-nan	-0.01	0.00	-0.00	149.000000
-148	0.34	-0.94	-0.36	nan	nan	-1.56	-9430904042453259588221151113330603202929799006651948389588008960.00	9430904042453259588221151113330603202929799006651948389588008960.00	-1.00	-5.69	nan	nan	0.00	nan	nan	nan	nan	21904.00	-3241792.00	-nan	-0.01	0.00	-0.00	148.000000
-147	-0.61	-0.79	0.77	nan	nan	-1.56	-3469435708879201859514536844907150779638744984066890339832561664.00	3469435708879201859514536844907150779638744984066890339832561664.00	-1.00	-5.68	nan	nan	0.00	nan	nan	nan	nan	21609.00	-3176523.00	-nan	-0.01	0.00	-0.00	147.000000
-146	-1.00	0.08	-11.87	nan	nan	-1.56	-1276334069762727636829485367505815897819331201471238090797350912.00	1276334069762727636829485367505815897819331201471238090797350912.00	-1.00	-5.68	nan	nan	0.00	nan	nan	nan	nan	21316.00	-3112136.00	-nan	-0.01	0.00	-0.00	146.000000
-145	-0.47	0.88	-0.53	nan	nan	-1.56	-469537064332384848795087218854656748000432538359683052665307136.00	469537064332384848795087218854656748000432538359683052665307136.00	-1.00	-5.67	nan	nan	0.00	nan	nan	nan	nan	21025.00	-3048625.00	-nan	-0.01	0.00	-0.00	145.000000
-144	0.49	0.87	0.56	nan	nan	-1.56	-172733032835877306879341537519927727193013477294144115875774464.00	172733032835877306879341537519927727193013477294144115875774464.00	-1.00	-5.66	nan	nan	0.00	nan	nan	nan	nan	20736.00	-2985984.00	-nan	-0.01	0.00	-0.00	144.000000
-143	1.00	0.06	17.36	nan	nan	-1.56	-63544931591510944129884270732765650309727494239922740610990080.00	63544931591510944129884270732765650309727494239922740610990080.00	-1.00	-5.66	nan	nan	0.00	nan	nan	nan	nan	20449.00	-2924207.00	-nan	-0.01	0.00	-0.00	143.000000
-142	0.59	-0.81	-0.73	nan	nan	-1.56	-23376873923162576366689728137214830594244931391238169386024960.00	23376873923162576366689728137214830594244931391238169386024960.00	-1.00	-5.65	nan	nan	0.00	nan	nan	nan	nan	20164.00	-2863288.00	-nan	-0.01	0.00	-0.00	142.000000
-141	-0.36	-0.93	0.39	nan	nan	-1.56	-8599871315188311652270197995833194125616700306342678114598912.00	8599871315188311652270197995833194125616700306342678114598912.00	-1.00	-5.64	nan	nan	0.00	nan	nan	nan	nan	19881.00	-2803221.00	-nan	-0.01	0.00	-0.00	141.000000
-140	-0.98	-0.20	4.96	nan	nan	-1.56	-3163715853577792534571631761083164399648092924242417745395712.00	3163715853577792534571631761083164399648092924242417745395712.00	-1.00	-5.63	nan	nan	0.00	nan	nan	nan	nan	19600.00	-2744000.00	-nan	-0.01	0.00	-0.00	140.000000
-139	-0.70	0.72	-0.97	nan	nan	-1.56	-1163866020239431089791139470674587416466156824013873967267840.00	1163866020239431089791139470674587416466156824013873967267840.00	-1.00	-5.63	nan	nan	0.00	nan	nan	nan	nan	19321.00	-2685619.00	-nan	-0.01	0.00	-0.00	139.000000
-138	0.23	0.97	0.23	nan	nan	-1.56	-428162381124112489203111134652927247029174728282832159899648.00	428162381124112489203111134652927247029174728282832159899648.00	-1.00	-5.62	nan	nan	0.00	nan	nan	nan	nan	19044.00	-2628072.00	-nan	-0.01	0.00	-0.00	138.000000
-137	0.94	0.33	2.82	nan	nan	-1.56	-157512137498572600742376819953412077239358965207399231651840.00	157512137498572600742376819953412077239358965207399231651840.00	-1.00	-5.61	nan	nan	0.00	nan	nan	nan	nan	18769.00	-2571353.00	-nan	-0.01	0.00	-0.00	137.000000
-136	0.79	-0.61	-1.29	nan	nan	-1.56	-57945477120694269863538578361634322051930805878437156225024.00	57945477120694269863538578361634322051930805878437156225024.00	-1.00	-5.61	nan	nan	0.00	nan	nan	nan	nan	18496.00	-2515456.00	-nan	-0.01	0.00	-0.00	136.000000
-135	-0.09	-1.00	0.09	nan	nan	-1.56	-21316949741573604737365720410919451282620893051988870168576.00	21316949741573604737365720410919451282620893051988870168576.00	-1.00	-5.60	nan	nan	0.00	nan	nan	nan	nan	18225.00	-2460375.00	-nan	-0.01	0.00	-0.00	135.000000
-134	-0.89	-0.46	1.91	nan	nan	-1.56	-7842067558409819981927360919723115196706288024628439810048.00	7842067558409819981927360919723115196706288024628439810048.00	-1.00	-5.59	nan	nan	0.00	nan	nan	nan	nan	17956.00	-2406104.00	-nan	-0.01	0.00	-0.00	134.000000
-133	-0.87	0.49	-1.76	nan	nan	-1.56	-2884935431016501462366644448011158173624286866024830074880.00	2884935431016501462366644448011158173624286866024830074880.00	-1.00	-5.58	nan	nan	0.00	nan	nan	nan	nan	17689.00	-2352637.00	-nan	-0.01	0.00	-0.00	133.000000
-132	-0.05	1.00	-0.05	nan	nan	-1.56	-1061308434178044648937303538753930928587008485680161488896.00	1061308434178044648937303538753930928587008485680161488896.00	-1.00	-5.58	nan	nan	0.00	nan	nan	nan	nan	17424.00	-2299968.00	-nan	-0.01	0.00	-0.00	132.000000
-131	0.81	0.58	1.39	nan	nan	-1.56	-390433553675957560255750206826663150829079661397569175552.00	390433553675957560255750206826663150829079661397569175552.00	-1.00	-5.57	nan	nan	0.00	nan	nan	nan	nan	17161.00	-2248091.00	-nan	-0.01	0.00	-0.00	131.000000
-130	0.93	-0.37	-2.53	nan	nan	-1.56	-143632477540891605288893751300593010529887988280218091520.00	143632477540891605288893751300593010529887988280218091520.00	-1.00	-5.56	nan	nan	0.00	nan	nan	nan	nan	16900.00	-2197000.00	-nan	-0.01	0.00	-0.00	130.000000
-129	0.19	-0.98	-0.20	nan	nan	-1.56	-52839435571812935554457858438840791257502632121458491392.00	52839435571812935554457858438840791257502632121458491392.00	-1.00	-5.55	nan	nan	0.00	nan	nan	nan	nan	16641.00	-2146689.00	-nan	-0.01	0.00	-0.00	129.000000
-128	-0.72	-0.69	1.04	nan	nan	-1.56	-19438542029972974107130313258678923209628198290042388480.00	19438542029972974107130313258678923209628198290042388480.00	-1.00	-5.55	nan	nan	0.00	nan	nan	nan	nan	16384.00	-2097152.00	-nan	-0.01	0.00	-0.00	128.000000
-127	-0.97	0.23	-4.19	nan	nan	-1.56	-7151039979174052479401677056689140764482816087328555008.00	7151039979174052479401677056689140764482816087328555008.00	-1.00	-5.54	nan	nan	0.00	nan	nan	nan	nan	16129.00	-2048383.00	-nan	-0.01	0.00	-0.00	127.000000
-126	-0.33	0.94	-0.35	nan	nan	-1.56	-2630720591333192984543556315980943403127493018821591040.00	2630720591333192984543556315980943403127493018821591040.00	-1.00	-5.53	nan	nan	0.00	nan	nan	nan	nan	15876.00	-2000376.00	-nan	-0.01	0.00	-0.00	126.000000
-125	0.62	0.79	0.78	nan	nan	-1.56	-967788021017861293808198753143006464889886766171947008.00	967788021017861293808198753143006464889886766171947008.00	-1.00	-5.52	nan	nan	0.00	nan	nan	nan	nan	15625.00	-1953125.00	-nan	-0.01	0.00	-0.00	125.000000
-124	1.00	-0.09	-10.73	nan	nan	-1.56	-356029316344466896586355651387721654264466542268776448.00	356029316344466896586355651387721654264466542268776448.00	-1.00	-5.51	nan	nan	0.00	nan	nan	nan	nan	15376.00	-1906624.00	-nan	-0.01	0.00	-0.00	124.000000
-123	0.46	-0.89	-0.52	nan	nan	-1.56	-130975865937453129055230543432124355329320962901409792.00	130975865937453129055230543432124355329320962901409792.00	-1.00	-5.51	nan	nan	0.00	nan	nan	nan	nan	15129.00	-1860867.00	-nan	-0.01	0.00	-0.00	123.000000
-122	-0.50	-0.87	0.58	nan	nan	-1.56	-48183328368016008320775669663358137240150279272267776.00	48183328368016008320775669663358137240150279272267776.00	-1.00	-5.50	nan	nan	0.00	nan	nan	nan	nan	14884.00	-1815848.00	-nan	-0.01	0.00	-0.00	122.000000
-121	-1.00	-0.05	20.52	nan	nan	-1.56	-17725655913805832156084208200898455028543335950188544.00	17725655913805832156084208200898455028543335950188544.00	-1.00	-5.49	nan	nan	0.00	nan	nan	nan	nan	14641.00	-1771561.00	-nan	-0.01	0.00	-0.00	121.000000
-120	-0.58	0.81	-0.71	nan	nan	-1.56	-6520904391968161280678304831413727731915757241499648.00	6520904391968161280678304831413727731915757241499648.00	-1.00	-5.48	nan	nan	0.00	nan	nan	nan	nan	14400.00	-1728000.00	-nan	-0.01	0.00	-0.00	120.000000
-119	0.37	0.93	0.40	nan	nan	-1.56	-2398906663649651117164393284394597638875149362003968.00	2398906663649651117164393284394597638875149362003968.00	-1.00	-5.47	nan	nan	0.00	nan	nan	nan	nan	14161.00	-1685159.00	-nan	-0.01	0.00	-0.00	119.000000
-118	0.98	0.19	5.19	nan	nan	-1.56	-882508442845882773348412007337314431545552878436352.00	882508442845882773348412007337314431545552878436352.00	-1.00	-5.46	nan	nan	0.00	nan	nan	nan	nan	13924.00	-1643032.00	-nan	-0.01	0.00	-0.00	118.000000
-117	0.69	-0.72	-0.95	nan	nan	-1.56	-324656712783223106102263801549361999802767694102528.00	324656712783223106102263801549361999802767694102528.00	-1.00	-5.46	nan	nan	0.00	nan	nan	nan	nan	13689.00	-1601613.00	-nan	-0.01	0.00	-0.00	117.000000
-116	-0.24	-0.97	0.24	nan	nan	-1.56	-119434530071249563511392097256265632189740086198272.00	119434530071249563511392097256265632189740086198272.00	-1.00	-5.45	nan	nan	0.00	nan	nan	nan	nan	13456.00	-1560896.00	-nan	-0.01	0.00	-0.00	116.000000
-115	-0.95	-0.33	2.90	nan	nan	-1.56	-43937508179185115540775476736907234636568163516416.00	43937508179185115540775476736907234636568163516416.00	-1.00	-5.44	nan	nan	0.00	nan	nan	nan	nan	13225.00	-1520875.00	-nan	-0.01	0.00	-0.00	115.000000
-114	-0.78	0.62	-1.27	nan	nan	-1.56	-16163705955424297372991715230277090964109231390720.00	16163705955424297372991715230277090964109231390720.00	-1.00	-5.43	nan	nan	0.00	nan	nan	nan	nan	12996.00	-1481544.00	-nan	-0.01	0.00	-0.00	114.000000
-113	0.10	1.00	0.10	nan	nan	-1.56	-5946295114141004725430975648394761317174376136704.00	5946295114141004725430975648394761317174376136704.00	-1.00	-5.42	nan	nan	0.00	nan	nan	nan	nan	12769.00	-1442897.00	-nan	-0.01	0.00	-0.00	113.000000
-112	0.89	0.46	1.95	nan	nan	-1.56	-2187519723630670484940079525711715557060575756288.00	2187519723630670484940079525711715557060575756288.00	-1.00	-5.41	nan	nan	0.00	nan	nan	nan	nan	12544.00	-1404928.00	-nan	-0.01	0.00	-0.00	112.000000
-111	0.86	-0.50	-1.72	nan	nan	-1.56	-804743533480759043030537317182825167162913587200.00	804743533480759043030537317182825167162913587200.00	-1.00	-5.40	nan	nan	0.00	nan	nan	nan	nan	12321.00	-1367631.00	-nan	-0.01	0.00	-0.00	111.000000
-110	0.04	-1.00	-0.04	nan	nan	-1.56	-296048601383233496808508215060290824712763736064.00	296048601383233496808508215060290824712763736064.00	-1.00	-5.39	nan	nan	0.00	nan	nan	nan	nan	12100.00	-1331000.00	-nan	-0.01	0.00	-0.00	110.000000
-109	-0.82	-0.58	1.42	nan	nan	-1.56	-108910194036451028572980536341424036727540940800.00	108910194036451028572980536341424036727540940800.00	-1.00	-5.38	nan	nan	0.00	nan	nan	nan	nan	11881.00	-1295029.00	-nan	-0.01	0.00	-0.00	109.000000
-108	-0.93	0.38	-2.47	nan	nan	-1.56	-40065821320002953492494879708015658724275257344.00	40065821320002953492494879708015658724275257344.00	-1.00	-5.38	nan	nan	0.00	nan	nan	nan	nan	11664.00	-1259712.00	-nan	-0.01	0.00	-0.00	108.000000
-107	-0.18	0.98	-0.19	nan	nan	-1.56	-14739391957277546125639193567453063982943830016.00	14739391957277546125639193567453063982943830016.00	-1.00	-5.37	nan	nan	0.00	nan	nan	nan	nan	11449.00	-1225043.00	-nan	-0.01	0.00	-0.00	107.000000
-106	0.73	0.69	1.06	nan	nan	-1.56	-5422319276450115660368467885026190147484385280.00	5422319276450115660368467885026190147484385280.00	-1.00	-5.36	nan	nan	0.00	nan	nan	nan	nan	11236.00	-1191016.00	-nan	-0.01	0.00	-0.00	106.000000
-105	0.97	-0.24	-4.03	nan	nan	-1.56	-1994759785273607948024712802911954050033385472.00	1994759785273607948024712802911954050033385472.00	-1.00	-5.35	nan	nan	0.00	nan	nan	nan	nan	11025.00	-1157625.00	-nan	-0.01	0.00	-0.00	105.000000
-104	0.32	-0.95	-0.34	nan	nan	-1.56	-733831115077721192672580081465518889935831040.00	733831115077721192672580081465518889935831040.00	-1.00	-5.34	nan	nan	0.00	nan	nan	nan	nan	10816.00	-1124864.00	-nan	-0.01	0.00	-0.00	104.000000
-103	-0.62	-0.78	0.80	nan	nan	-1.56	-269961380529008435140845494177870765791117312.00	269961380529008435140845494177870765791117312.00	-1.00	-5.33	nan	nan	0.00	nan	nan	nan	nan	10609.00	-1092727.00	-nan	-0.01	0.00	-0.00	103.000000
-102	-0.99	0.10	-9.79	nan	nan	-1.56	-99313241806882717178092747149682832895377408.00	99313241806882717178092747149682832895377408.00	-1.00	-5.32	nan	nan	0.00	nan	nan	nan	nan	10404.00	-1061208.00	-nan	-0.01	0.00	-0.00	102.000000
-101	-0.45	0.89	-0.51	nan	nan	-1.56	-36535299896840334453246072927117612282806272.00	36535299896840334453246072927117612282806272.00	-1.00	-5.31	nan	nan	0.00	nan	nan	nan	nan	10201.00	-1030301.00	-nan	-0.01	0.00	-0.00	101.000000
-100	0.51	0.86	0.59	nan	nan	-1.56	-13440585709080678047126700217981451777343488.00	13440585709080678047126700217981451777343488.00	-1.00	-5.30	nan	nan	0.00	nan	nan	nan	nan	10000.00	-1000000.00	-nan	-0.01	0.00	-0.00	100.000000
-99	1.00	0.04	25.09	nan	nan	-1.56	-4944515159673473127630978696722125259014144.00	4944515159673473127630978696722125259014144.00	-1.00	-5.29	nan	nan	0.00	nan	nan	nan	nan	9801.00	-970299.00	-nan	-0.01	0.00	-0.00	99.000000
-98	0.57	-0.82	-0.70	nan	nan	-1.56	-1818985473804402374939952861231624258322432.00	1818985473804402374939952861231624258322432.00	-1.00	-5.28	nan	nan	0.00	nan	nan	nan	nan	9604.00	-941192.00	-nan	-0.01	0.00	-0.00	98.000000
-97	-0.38	-0.93	0.41	nan	nan	-1.56	-669167359602134769352393367585013769437184.00	669167359602134769352393367585013769437184.00	-1.00	-5.27	nan	nan	0.00	nan	nan	nan	nan	9409.00	-912673.00	-nan	-0.01	0.00	-0.00	97.000000
-96	-0.98	-0.18	5.45	nan	nan	-1.56	-246172914300602913052825538085788953083904.00	246172914300602913052825538085788953083904.00	-1.00	-5.26	nan	nan	0.00	nan	nan	nan	nan	9216.00	-884736.00	-nan	-0.01	0.00	-0.00	96.000000
-95	-0.68	0.73	-0.94	nan	nan	-1.56	-90561954144451167416485623413959106232320.00	90561954144451167416485623413959106232320.00	-1.00	-5.25	nan	nan	0.00	nan	nan	nan	nan	9025.00	-857375.00	-nan	-0.01	0.00	-0.00	95.000000
-94	0.25	0.97	0.25	nan	nan	-1.56	-33315881082054480925018415342027121098752.00	33315881082054480925018415342027121098752.00	-1.00	-5.24	nan	nan	0.00	nan	nan	nan	nan	8836.00	-830584.00	-nan	-0.01	0.00	-0.00	94.000000
-93	0.95	0.32	2.99	nan	nan	-1.56	-12256227714600429832487424267443637321728.00	12256227714600429832487424267443637321728.00	-1.00	-5.23	nan	nan	0.00	nan	nan	nan	nan	8649.00	-804357.00	-nan	-0.01	0.00	-0.00	93.000000
-92	0.78	-0.63	-1.24	nan	nan	-1.56	-4508814202517149259725101140041546072064.00	4508814202517149259725101140041546072064.00	-1.00	-5.21	nan	nan	0.00	nan	nan	nan	nan	8464.00	-778688.00	-nan	-0.01	0.00	-0.00	92.000000
-91	-0.11	-0.99	0.11	nan	nan	-1.56	-1658700049167871415849385013124521787392.00	1658700049167871415849385013124521787392.00	-1.00	-5.20	nan	nan	0.00	nan	nan	nan	nan	8281.00	-753571.00	-nan	-0.01	0.00	-0.00	91.000000
-90	-0.89	-0.45	2.00	nan	nan	-1.56	-610201647158920417091447150764596658176.00	610201647158920417091447150764596658176.00	-1.00	-5.19	nan	nan	0.00	nan	nan	nan	nan	8100.00	-729000.00	-nan	-0.01	0.00	-0.00	90.000000
-89	-0.86	0.51	-1.69	nan	nan	-1.56	-224480640958717277487346466329771114496.00	224480640958717277487346466329771114496.00	-1.00	-5.18	nan	nan	0.00	nan	nan	nan	nan	7921.00	-704969.00	-nan	-0.01	0.00	-0.00	89.000000
-88	-0.04	1.00	-0.04	nan	nan	-1.56	-82581812749700090493498299401398910976.00	82581812749700090493498299401398910976.00	-1.00	-5.17	nan	nan	0.00	nan	nan	nan	nan	7744.00	-681472.00	-nan	-0.01	0.00	-0.00	88.000000
-87	0.82	0.57	1.44	nan	nan	-1.56	-30380151125284359532585345825468579840.00	30380151125284359532585345825468579840.00	-1.00	-5.16	nan	nan	0.00	nan	nan	nan	nan	7569.00	-658503.00	-nan	-0.01	0.00	-0.00	87.000000
-86	0.92	-0.38	-2.41	nan	nan	-1.56	-11176233018673574870806918437374263296.00	11176233018673574870806918437374263296.00	-1.00	-5.15	nan	nan	0.00	nan	nan	nan	nan	7396.00	-636056.00	-nan	-0.01	0.00	-0.00	86.000000
-85	0.18	-0.98	-0.18	nan	nan	-1.56	-4111506357311456550997812691465142272.00	4111506357311456550997812691465142272.00	-1.00	-5.14	nan	nan	0.00	nan	nan	nan	nan	7225.00	-614125.00	-nan	-0.01	0.00	-0.00	85.000000
-84	-0.73	-0.68	1.08	nan	nan	-1.56	-1512538661100571281117094712512086016.00	1512538661100571281117094712512086016.00	-1.00	-5.12	nan	nan	0.00	nan	nan	nan	nan	7056.00	-592704.00	-nan	-0.01	0.00	-0.00	84.000000
-83	-0.97	0.25	-3.88	nan	nan	-1.56	-556431877395879720024402465979891712.00	556431877395879720024402465979891712.00	-1.00	-5.11	nan	nan	0.00	nan	nan	nan	nan	6889.00	-571787.00	-nan	-0.01	0.00	-0.00	83.000000
-82	-0.31	0.95	-0.33	nan	nan	-1.56	-204699848106372725569216025213272064.00	204699848106372725569216025213272064.00	-1.00	-5.10	nan	nan	0.00	nan	nan	nan	nan	6724.00	-551368.00	-nan	-0.01	0.00	-0.00	82.000000
-81	0.63	0.78	0.81	nan	nan	-1.56	-75304865729251530946123677434904576.00	75304865729251530946123677434904576.00	-1.00	-5.09	nan	nan	0.00	nan	nan	nan	nan	6561.00	-531441.00	-nan	-0.01	0.00	-0.00	81.000000
-80	0.99	-0.11	-9.00	nan	nan	-1.56	-27703111921967549172259015817691136.00	27703111921967549172259015817691136.00	-1.00	-5.08	nan	nan	0.00	nan	nan	nan	nan	6400.00	-512000.00	-nan	-0.01	0.00	-0.00	80.000000
-79	0.44	-0.90	-0.50	nan	nan	-1.56	-10191405332563344119802498725707776.00	10191405332563344119802498725707776.00	-1.00	-5.06	nan	nan	0.00	nan	nan	nan	nan	6241.00	-493039.00	-nan	-0.01	0.00	-0.00	79.000000
-78	-0.51	-0.86	0.60	nan	nan	-1.56	-3749208498495060453505735753465856.00	3749208498495060453505735753465856.00	-1.00	-5.05	nan	nan	0.00	nan	nan	nan	nan	6084.00	-474552.00	-nan	-0.01	0.00	-0.00	78.000000
-77	-1.00	-0.03	32.27	nan	nan	-1.56	-1379256727261585160594838211526656.00	1379256727261585160594838211526656.00	-1.00	-5.04	nan	nan	0.00	nan	nan	nan	nan	5929.00	-456533.00	-nan	-0.01	0.00	-0.00	77.000000
-76	-0.57	0.82	-0.69	nan	nan	-1.56	-507400194056944373073172100022272.00	507400194056944373073172100022272.00	-1.00	-5.02	nan	nan	0.00	nan	nan	nan	nan	5776.00	-438976.00	-nan	-0.01	0.00	-0.00	76.000000
-75	0.39	0.92	0.42	nan	nan	-1.56	-186662099839950074243683025158144.00	186662099839950074243683025158144.00	-1.00	-5.01	nan	nan	0.00	nan	nan	nan	nan	5625.00	-421875.00	-nan	-0.01	0.00	-0.00	75.000000
-74	0.99	0.17	5.74	nan	nan	-1.56	-68669148977008805387284248526848.00	68669148977008805387284248526848.00	-1.00	-5.00	nan	nan	0.00	nan	nan	nan	nan	5476.00	-405224.00	-nan	-0.01	0.00	-0.00	74.000000
-73	0.68	-0.74	-0.92	nan	nan	-1.56	-25261968151380519727170590867456.00	25261968151380519727170590867456.00	-1.00	-4.98	nan	nan	0.00	nan	nan	nan	nan	5329.00	-389017.00	-nan	-0.01	0.00	-0.00	73.000000
-72	-0.25	-0.97	0.26	nan	nan	-1.56	-9293358726420639435122276302848.00	9293358726420639435122276302848.00	-1.00	-4.97	nan	nan	0.00	nan	nan	nan	nan	5184.00	-373248.00	-nan	-0.01	0.00	-0.00	72.000000
-71	-0.95	-0.31	3.08	nan	nan	-1.56	-3418835614881372073512017068032.00	3418835614881372073512017068032.00	-1.00	-4.96	nan	nan	0.00	nan	nan	nan	nan	5041.00	-357911.00	-nan	-0.01	0.00	-0.00	71.000000
-70	-0.77	0.63	-1.22	nan	nan	-1.56	-1257719335459583439894665494528.00	1257719335459583439894665494528.00	-1.00	-4.94	nan	nan	0.00	nan	nan	nan	nan	4900.00	-343000.00	-nan	-0.01	0.00	-0.00	70.000000
-69	0.11	0.99	0.12	nan	nan	-1.56	-462689086279389359344439001088.00	462689086279389359344439001088.00	-1.00	-4.93	nan	nan	0.00	nan	nan	nan	nan	4761.00	-328509.00	-nan	-0.01	0.00	-0.00	69.000000
-68	0.90	0.44	2.04	nan	nan	-1.56	-170213802496587037913368231936.00	170213802496587037913368231936.00	-1.00	-4.91	nan	nan	0.00	nan	nan	nan	nan	4624.00	-314432.00	-nan	-0.01	0.00	-0.00	68.000000
-67	0.86	-0.52	-1.65	nan	nan	-1.56	-62618158542110684663089463296.00	62618158542110684663089463296.00	-1.00	-4.90	nan	nan	0.00	nan	nan	nan	nan	4489.00	-300763.00	-nan	-0.01	0.00	-0.00	67.000000
-66	0.03	-1.00	-0.03	nan	nan	-1.56	-23035933171656458903220125696.00	23035933171656458903220125696.00	-1.00	-4.88	nan	nan	0.00	nan	nan	nan	nan	4356.00	-287496.00	-nan	-0.02	0.00	-0.00	66.000000
-65	-0.83	-0.56	1.47	nan	nan	-1.56	-8474446222051668901679333376.00	8474446222051668901679333376.00	-1.00	-4.87	nan	nan	0.00	nan	nan	nan	nan	4225.00	-274625.00	-nan	-0.02	0.00	-0.00	65.000000
-64	-0.92	0.39	-2.35	nan	nan	-1.56	-3117574540405808371955924992.00	3117574540405808371955924992.00	-1.00	-4.85	nan	nan	0.00	nan	nan	nan	nan	4096.00	-262144.00	-nan	-0.02	0.00	-0.00	64.000000
-63	-0.17	0.99	-0.17	nan	nan	-1.55	-1146891579734804977380491264.00	1146891579734804977380491264.00	-1.00	-4.84	nan	nan	0.00	nan	nan	nan	nan	3969.00	-250047.00	-nan	-0.02	0.00	-0.00	63.000000
-62	0.74	0.67	1.10	nan	nan	-1.55	-421917833437072691594002432.00	421917833437072691594002432.00	-1.00	-4.82	nan	nan	0.00	nan	nan	nan	nan	3844.00	-238328.00	-nan	-0.02	0.00	-0.00	62.000000
-61	0.97	-0.26	-3.74	nan	nan	-1.55	-155214896785095993736560640.00	155214896785095993736560640.00	-1.00	-4.80	nan	nan	0.00	nan	nan	nan	nan	3721.00	-226981.00	-nan	-0.02	0.00	-0.00	61.000000
-60	0.30	-0.95	-0.32	nan	nan	-1.55	-57100369490784211727024128.00	57100369490784211727024128.00	-1.00	-4.79	nan	nan	0.00	nan	nan	nan	nan	3600.00	-216000.00	-nan	-0.02	0.00	-0.00	60.000000
-59	-0.64	-0.77	0.83	nan	nan	-1.55	-21006052018952572155985920.00	21006052018952572155985920.00	-1.00	-4.77	nan	nan	0.00	nan	nan	nan	nan	3481.00	-205379.00	-nan	-0.02	0.00	-0.00	59.000000
-58	-0.99	0.12	-8.33	nan	nan	-1.55	-7727694677950519591305216.00	7727694677950519591305216.00	-1.00	-4.75	nan	nan	0.00	nan	nan	nan	nan	3364.00	-195112.00	-nan	-0.02	0.00	-0.00	58.000000
-57	-0.44	0.90	-0.48	nan	nan	-1.55	-2842859999667966007312384.00	2842859999667966007312384.00	-1.00	-4.74	nan	nan	0.00	nan	nan	nan	nan	3249.00	-185193.00	-nan	-0.02	0.00	-0.00	57.000000
-56	0.52	0.85	0.61	nan	nan	-1.55	-1045829748006498051555328.00	1045829748006498051555328.00	-1.00	-4.72	nan	nan	0.00	nan	nan	nan	nan	3136.00	-175616.00	-nan	-0.02	0.00	-0.00	56.000000
-55	1.00	0.02	45.18	nan	nan	-1.55	-384739263257100876251136.00	384739263257100876251136.00	-1.00	-4.70	nan	nan	0.00	nan	nan	nan	nan	3025.00	-166375.00	-nan	-0.02	0.00	-0.00	55.000000
-54	0.56	-0.83	-0.67	nan	nan	-1.55	-141537665163734697377792.00	141537665163734697377792.00	-1.00	-4.68	nan	nan	0.00	nan	nan	nan	nan	2916.00	-157464.00	-nan	-0.02	0.00	-0.00	54.000000
-53	-0.40	-0.92	0.43	nan	nan	-1.55	-52068797165145442746368.00	52068797165145442746368.00	-1.00	-4.66	nan	nan	0.00	nan	nan	nan	nan	2809.00	-148877.00	-nan	-0.02	0.00	-0.00	53.000000
-52	-0.99	-0.16	6.05	nan	nan	-1.55	-19155040003582884577280.00	19155040003582884577280.00	-1.00	-4.64	nan	nan	0.00	nan	nan	nan	nan	2704.00	-140608.00	-nan	-0.02	0.00	-0.00	52.000000
-51	-0.67	0.74	-0.90	nan	nan	-1.55	-7046745412134694289408.00	7046745412134694289408.00	-1.00	-4.63	nan	nan	0.00	nan	nan	nan	nan	2601.00	-132651.00	-nan	-0.02	0.00	-0.00	51.000000
-50	0.26	0.96	0.27	nan	nan	-1.55	-2592352764293536022528.00	2592352764293536022528.00	-1.00	-4.61	nan	nan	0.00	nan	nan	nan	nan	2500.00	-125000.00	-nan	-0.02	0.00	-0.00	50.000000
-49	0.95	0.30	3.17	nan	nan	-1.55	-953673286247549894656.00	953673286247549894656.00	-1.00	-4.59	nan	nan	0.00	nan	nan	nan	nan	2401.00	-117649.00	-nan	-0.02	0.00	-0.00	49.000000
-48	0.77	-0.64	-1.20	nan	nan	-1.55	-350836795604881571840.00	350836795604881571840.00	-1.00	-4.56	nan	nan	0.00	nan	nan	nan	nan	2304.00	-110592.00	-nan	-0.02	0.00	-0.00	48.000000
-47	-0.12	-0.99	0.12	nan	nan	-1.55	-129065644309503377408.00	129065644309503377408.00	-1.00	-4.54	nan	nan	0.00	nan	nan	nan	nan	2209.00	-103823.00	-nan	-0.02	0.00	-0.00	47.000000
-46	-0.90	-0.43	2.09	nan	nan	-1.55	-47480597103012241408.00	47480597103012241408.00	-1.00	-4.52	nan	nan	0.00	nan	nan	nan	nan	2116.00	-97336.00	-nan	-0.02	0.00	-0.00	46.000000
-45	-0.85	0.53	-1.62	nan	nan	-1.55	-17467135528742547456.00	17467135528742547456.00	-1.00	-4.50	nan	nan	0.00	nan	nan	nan	nan	2025.00	-91125.00	-nan	-0.02	0.00	-0.00	45.000000
-44	-0.02	1.00	-0.02	nan	nan	-1.55	-6425800057179654144.00	6425800057179654144.00	-1.00	-4.48	nan	nan	0.00	nan	nan	nan	nan	1936.00	-85184.00	-nan	-0.02	0.00	-0.00	44.000000
-43	0.83	0.56	1.50	nan	nan	-1.55	-2363919734114673152.00	2363919734114673152.00	-1.00	-4.45	nan	nan	0.00	nan	nan	nan	nan	1849.00	-79507.00	-nan	-0.02	0.00	-0.00	43.000000
-42	0.92	-0.40	-2.29	nan	nan	-1.55	-869637470760250496.00	869637470760250496.00	-1.00	-4.43	nan	nan	0.00	nan	nan	nan	nan	1764.00	-74088.00	-nan	-0.02	0.00	-0.00	42.000000
-41	0.16	-0.99	-0.16	nan	nan	-1.55	-319921746765027456.00	319921746765027456.00	-1.00	-4.41	nan	nan	0.00	nan	nan	nan	nan	1681.00	-68921.00	-nan	-0.02	0.00	-0.00	41.000000
-40	-0.75	-0.67	1.12	nan	nan	-1.55	-117692633418510000.00	117692633418510000.00	-1.00	-4.38	nan	nan	0.00	nan	nan	nan	nan	1600.00	-64000.00	-nan	-0.03	0.00	-0.00	40.000000
-39	-0.96	0.27	-3.61	nan	nan	-1.55	-43296700211996872.00	43296700211996872.00	-1.00	-4.36	nan	nan	0.00	nan	nan	nan	nan	1521.00	-59319.00	-nan	-0.03	0.00	-0.00	39.000000
-38	-0.30	0.96	-0.31	nan	nan	-1.54	-15927965878556878.00	15927965878556878.00	-1.00	-4.33	nan	nan	0.00	nan	nan	nan	nan	1444.00	-54872.00	-nan	-0.03	0.00	-0.00	38.000000
-37	0.64	0.77	0.84	nan	nan	-1.54	-5859571186401306.00	5859571186401306.00	-1.00	-4.30	nan	nan	0.00	nan	nan	nan	nan	1369.00	-50653.00	-nan	-0.03	0.00	-0.00	37.000000
-36	0.99	-0.13	-7.75	nan	nan	-1.54	-2155615773557597.50	2155615773557597.50	-1.00	-4.28	nan	nan	0.00	nan	nan	nan	nan	1296.00	-46656.00	-nan	-0.03	0.00	-0.00	36.000000
-35	0.43	-0.90	-0.47	nan	nan	-1.54	-793006726156715.38	793006726156715.38	-1.00	-4.25	nan	nan	0.00	nan	nan	nan	nan	1225.00	-42875.00	-nan	-0.03	0.00	-0.00	35.000000
-34	-0.53	-0.85	0.62	nan	nan	-1.54	-291730871263727.44	291730871263727.44	-1.00	-4.22	nan	nan	0.00	nan	nan	nan	nan	1156.00	-39304.00	-nan	-0.03	0.00	-0.00	34.000000
-33	-1.00	-0.01	75.31	nan	nan	-1.54	-107321789892958.03	107321789892958.03	-1.00	-4.19	nan	nan	0.00	nan	nan	nan	nan	1089.00	-35937.00	-nan	-0.03	0.00	-0.00	33.000000
-32	-0.55	0.83	-0.66	nan	nan	-1.54	-39481480091340.34	39481480091340.34	-1.00	-4.16	nan	nan	0.00	nan	nan	nan	nan	1024.00	-32768.00	-nan	-0.03	0.00	-0.00	32.000000
-31	0.40	0.91	0.44	nan	nan	-1.54	-14524424832623.71	14524424832623.71	-1.00	-4.13	nan	nan	0.00	nan	nan	nan	nan	961.00	-29791.00	-nan	-0.03	0.00	-0.00	31.000000
-30	0.99	0.15	6.41	nan	nan	-1.54	-5343237290762.23	5343237290762.23	-1.00	-4.09	nan	nan	0.00	nan	nan	nan	nan	900.00	-27000.00	-nan	-0.03	0.00	-0.00	30.000000
-29	0.66	-0.75	-0.89	nan	nan	-1.54	-1965667148572.02	1965667148572.02	-1.00	-4.06	nan	nan	0.00	nan	nan	nan	nan	841.00	-24389.00	-nan	-0.03	0.00	-0.00	29.000000
-28	-0.27	-0.96	0.28	nan	nan	-1.54	-723128532145.74	723128532145.74	-1.00	-4.03	nan	nan	0.00	nan	nan	nan	nan	784.00	-21952.00	-nan	-0.04	0.00	-0.00	28.000000
-27	-0.96	-0.29	3.27	nan	nan	-1.53	-266024120300.90	266024120300.90	-1.00	-3.99	nan	nan	0.00	nan	nan	nan	nan	729.00	-19683.00	-nan	-0.04	0.00	-0.00	27.000000
-26	-0.76	0.65	-1.18	nan	nan	-1.53	-97864804714.42	97864804714.42	-1.00	-3.95	nan	nan	0.00	nan	nan	nan	nan	676.00	-17576.00	-nan	-0.04	0.00	-0.00	26.000000
-25	0.13	0.99	0.13	nan	nan	-1.53	-36002449668.69	36002449668.69	-1.00	-3.91	nan	nan	0.00	nan	nan	nan	nan	625.00	-15625.00	-nan	-0.04	0.00	-0.00	25.000000
-24	0.91	0.42	2.13	nan	nan	-1.53	-13244561064.92	13244561064.92	-1.00	-3.87	nan	nan	0.00	nan	nan	nan	nan	576.00	-13824.00	-nan	-0.04	0.00	-0.00	24.000000
-23	0.85	-0.53	-1.59	nan	nan	-1.53	-4872401723.12	4872401723.12	-1.00	-3.83	nan	nan	0.00	nan	nan	nan	nan	529.00	-12167.00	-nan	-0.04	0.00	-0.00	23.000000
-22	0.01	-1.00	-0.01	nan	nan	-1.53	-1792456423.07	1792456423.07	-1.00	-3.78	nan	nan	0.00	nan	nan	nan	nan	484.00	-10648.00	-nan	-0.05	0.00	-0.00	22.000000
-21	-0.84	-0.55	1.53	nan	nan	-1.52	-659407867.24	659407867.24	-1.00	-3.74	nan	nan	0.00	nan	nan	nan	nan	441.00	-9261.00	-nan	-0.05	0.00	-0.00	21.000000
-20	-0.91	0.41	-2.24	nan	nan	-1.52	-242582597.70	242582597.70	-1.00	-3.69	nan	nan	0.00	nan	nan	nan	nan	400.00	-8000.00	-nan	-0.05	0.00	-0.00	20.000000
-19	-0.15	0.99	-0.15	nan	nan	-1.52	-89241150.48	89241150.48	-1.00	-3.64	nan	nan	0.00	nan	nan	nan	nan	361.00	-6859.00	-nan	-0.05	0.00	-0.00	19.000000
-18	0.75	0.66	1.14	nan	nan	-1.52	-32829984.57	32829984.57	-1.00	-3.58	nan	nan	0.00	nan	nan	nan	nan	324.00	-5832.00	-nan	-0.06	0.00	-0.00	18.000000
-17	0.96	-0.28	-3.49	nan	nan	-1.51	-12077476.38	12077476.38	-1.00	-3.53	nan	nan	0.00	nan	nan	nan	nan	289.00	-4913.00	-nan	-0.06	0.00	-0.00	17.000000
-16	0.29	-0.96	-0.30	nan	nan	-1.51	-4443055.26	4443055.26	-1.00	-3.47	nan	nan	0.00	nan	nan	nan	nan	256.00	-4096.00	-nan	-0.06	0.00	-0.00	16.000000
-15	-0.65	-0.76	0.86	nan	nan	-1.50	-1634508.69	1634508.69	-1.00	-3.40	nan	nan	0.00	nan	nan	nan	nan	225.00	-3375.00	-nan	-0.07	0.00	-0.00	15.000000
-14	-0.99	0.14	-7.24	nan	nan	-1.50	-601302.14	601302.14	-1.00	-3.33	nan	nan	0.00	nan	nan	nan	nan	196.00	-2744.00	-nan	-0.07	0.01	-0.00	14.000000
-13	-0.42	0.91	-0.46	nan	nan	-1.49	-221206.70	221206.70	-1.00	-3.26	nan	nan	0.00	nan	nan	nan	nan	169.00	-2197.00	-nan	-0.08	0.01	-0.00	13.000000
-12	0.54	0.84	0.64	nan	nan	-1.49	-81377.40	81377.40	-1.00	-3.18	nan	nan	0.00	nan	nan	nan	nan	144.00	-1728.00	-nan	-0.08	0.01	-0.00	12.000000
-11	1.00	0.00	225.95	nan	nan	-1.48	-29937.07	29937.07	-1.00	-3.09	nan	nan	0.00	nan	nan	nan	nan	121.00	-1331.00	-nan	-0.09	0.01	-0.00	11.000000
-10	0.54	-0.84	-0.65	nan	nan	-1.47	-11013.23	11013.23	-1.00	-3.00	nan	nan	0.00	nan	nan	nan	nan	100.00	-1000.00	-nan	-0.10	0.01	-0.00	10.000000
-9	-0.41	-0.91	0.45	nan	nan	-1.46	-4051.54	4051.54	-1.00	-2.89	nan	nan	0.00	nan	nan	nan	nan	81.00	-729.00	-nan	-0.11	0.01	-0.00	9.000000
-8	-0.99	-0.15	6.80	nan	nan	-1.45	-1490.48	1490.48	-1.00	-2.78	nan	nan	0.00	nan	nan	nan	nan	64.00	-512.00	-nan	-0.12	0.02	-0.00	8.000000
-7	-0.66	0.75	-0.87	nan	nan	-1.43	-548.32	548.32	-1.00	-2.64	nan	nan	0.00	nan	nan	nan	nan	49.00	-343.00	-nan	-0.14	0.02	-0.00	7.000000
-6	0.28	0.96	0.29	nan	nan	-1.41	-201.71	201.72	-1.00	-2.49	nan	nan	0.00	nan	nan	nan	nan	36.00	-216.00	-nan	-0.17	0.03	-0.00	6.000000
-5	0.96	0.28	3.38	nan	nan	-1.37	-74.20	74.21	-1.00	-2.31	nan	nan	0.01	nan	nan	nan	nan	25.00	-125.00	-nan	-0.20	0.04	-0.01	5.000000
-4	0.76	-0.65	-1.16	nan	nan	-1.33	-27.29	27.31	-1.00	-2.09	nan	nan	0.02	nan	nan	nan	nan	16.00	-64.00	-nan	-0.25	0.06	-0.02	4.000000
-3	-0.14	-0.99	0.14	nan	nan	-1.25	-10.02	10.07	-1.00	-1.82	nan	nan	0.05	nan	nan	nan	nan	9.00	-27.00	-nan	-0.33	0.11	-0.04	3.000000
-2	-0.91	-0.42	2.19	nan	nan	-1.11	-3.63	3.76	-0.96	-1.44	nan	nan	0.14	nan	nan	nan	nan	4.00	-8.00	-nan	-0.50	0.25	-0.12	2.000000
-1	-0.84	0.54	-1.56	-1.57	nan	-0.79	-1.18	1.54	-0.76	-0.88	-nan	-inf	0.37	nan	nan	nan	nan	1.00	-1.00	-nan	-1.00	1.00	-1.00	1.000000
0	0.00	1.00	0.00	0.00	1.57	0.00	0.00	1.00	0.00	0.00	-nan	0.00	1.00	0.00	nan	nan	nan	0.00	0.00	0.00	inf	inf	inf	0.000000
1	0.84	0.54	1.56	1.57	nan	0.79	1.18	1.54	0.76	0.88	0.00	inf	2.72	1.00	0.00	0.00	0.00	1.00	1.00	1.00	1.00	1.00	1.00	1.000000
2	0.91	-0.42	-2.19	nan	nan	1.11	3.63	3.76	0.96	1.44	nan	nan	7.39	1.41	0.30	1.00	0.63	4.00	8.00	1.26	0.50	0.25	0.12	2.000000
3	0.14	-0.99	-0.14	nan	nan	1.25	10.02	10.07	1.00	1.82	nan	nan	20.09	1.73	0.48	1.58	1.00	9.00	27.00	1.44	0.33	0.11	0.04	3.000000
4	-0.76	-0.65	1.16	nan	nan	1.33	27.29	27.31	1.00	2.09	nan	nan	54.60	2.00	0.60	2.00	1.26	16.00	64.00	1.59	0.25	0.06	0.02	4.000000
5	-0.96	0.28	-3.38	nan	nan	1.37	74.20	74.21	1.00	2.31	nan	nan	148.41	2.24	0.70	2.32	1.46	25.00	125.00	1.71	0.20	0.04	0.01	5.000000
6	-0.28	0.96	-0.29	nan	nan	1.41	201.71	201.72	1.00	2.49	nan	nan	403.43	2.45	0.78	2.58	1.63	36.00	216.00	1.82	0.17	0.03	0.00	6.000000
7	0.66	0.75	0.87	nan	nan	1.43	548.32	548.32	1.00	2.64	nan	nan	1096.63	2.65	0.85	2.81	1.77	49.00	343.00	1.91	0.14	0.02	0.00	7.000000
8	0.99	-0.15	-6.80	nan	nan	1.45	1490.48	1490.48	1.00	2.78	nan	nan	2980.96	2.83	0.90	3.00	1.89	64.00	512.00	2.00	0.12	0.02	0.00	8.000000
9	0.41	-0.91	-0.45	nan	nan	1.46	4051.54	4051.54	1.00	2.89	nan	nan	8103.08	3.00	0.95	3.17	2.00	81.00	729.00	2.08	0.11	0.01	0.00	9.000000
10	-0.54	-0.84	0.65	nan	nan	1.47	11013.23	11013.23	1.00	3.00	nan	nan	22026.47	3.16	1.00	3.32	2.10	100.00	1000.00	2.15	0.10	0.01	0.00	10.000000
11	-1.00	0.00	-225.95	nan	nan	1.48	29937.07	29937.07	1.00	3.09	nan	nan	59874.14	3.32	1.04	3.46	2.18	121.00	1331.00	2.22	0.09	0.01	0.00	11.000000
12	-0.54	0.84	-0.64	nan	nan	1.49	81377.40	81377.40	1.00	3.18	nan	nan	162754.79	3.46	1.08	3.58	2.26	144.00	1728.00	2.29	0.08	0.01	0.00	12.000000
13	0.42	0.91	0.46	nan	nan	1.49	221206.70	221206.70	1.00	3.26	nan	nan	442413.39	3.61	1.11	3.70	2.33	169.00	2197.00	2.35	0.08	0.01	0.00	13.000000
14	0.99	0.14	7.24	nan	nan	1.50	601302.14	601302.14	1.00	3.33	nan	nan	1202604.28	3.74	1.15	3.81	2.40	196.00	2744.00	2.41	0.07	0.01	0.00	14.000000
15	0.65	-0.76	-0.86	nan	nan	1.50	1634508.69	1634508.69	1.00	3.40	nan	nan	3269017.37	3.87	1.18	3.91	2.46	225.00	3375.00	2.47	0.07	0.00	0.00	15.000000
16	-0.29	-0.96	0.30	nan	nan	1.51	4443055.26	4443055.26	1.00	3.47	nan	nan	8886110.52	4.00	1.20	4.00	2.52	256.00	4096.00	2.52	0.06	0.00	0.00	16.000000
17	-0.96	-0.28	3.49	nan	nan	1.51	12077476.38	12077476.38	1.00	3.53	nan	nan	24154952.75	4.12	1.23	4.09	2.58	289.00	4913.00	2.57	0.06	0.00	0.00	17.000000
18	-0.75	0.66	-1.14	nan	nan	1.52	32829984.57	32829984.57	1.00	3.58	nan	nan	65659969.14	4.24	1.26	4.17	2.63	324.00	5832.00	2.62	0.06	0.00	0.00	18.000000
19	0.15	0.99	0.15	nan	nan	1.52	89241150.48	89241150.48	1.00	3.64	nan	nan	178482300.96	4.36	1.28	4.25	2.68	361.00	6859.00	2.67	0.05	0.00	0.00	19.000000
20	0.91	0.41	2.24	nan	nan	1.52	242582597.70	242582597.70	1.00	3.69	nan	nan	485165195.41	4.47	1.30	4.32	2.73	400.00	8000.00	2.71	0.05	0.00	0.00	20.000000
21	0.84	-0.55	-1.53	nan	nan	1.52	659407867.24	659407867.24	1.00	3.74	nan	nan	1318815734.48	4.58	1.32	4.39	2.77	441.00	9261.00	2.76	0.05	0.00	0.00	21.000000
22	-0.01	-1.00	0.01	nan	nan	1.53	1792456423.07	1792456423.07	1.00	3.78	nan	nan	3584912846.13	4.69	1.34	4.46	2.81	484.00	10648.00	2.80	0.05	0.00	0.00	22.000000
23	-0.85	-0.53	1.59	nan	nan	1.53	4872401723.12	4872401723.12	1.00	3.83	nan	nan	9744803446.25	4.80	1.36	4.52	2.85	529.00	12167.00	2.84	0.04	0.00	0.00	23.000000
24	-0.91	0.42	-2.13	nan	nan	1.53	13244561064.92	13244561064.92	1.00	3.87	nan	nan	26489122129.84	4.90	1.38	4.58	2.89	576.00	13824.00	2.88	0.04	0.00	0.00	24.000000
25	-0.13	0.99	-0.13	nan	nan	1.53	36002449668.69	36002449668.69	1.00	3.91	nan	nan	72004899337.39	5.00	1.40	4.64	2.93	625.00	15625.00	2.92	0.04	0.00	0.00	25.000000
26	0.76	0.65	1.18	nan	nan	1.53	97864804714.42	97864804714.42	1.00	3.95	nan	nan	195729609428.84	5.10	1.41	4.70	2.97	676.00	17576.00	2.96	0.04	0.00	0.00	26.000000
27	0.96	-0.29	-3.27	nan	nan	1.53	266024120300.90	266024120300.90	1.00	3.99	nan	nan	532048240601.80	5.20	1.43	4.75	3.00	729.00	19683.00	3.00	0.04	0.00	0.00	27.000000
28	0.27	-0.96	-0.28	nan	nan	1.54	723128532145.74	723128532145.74	1.00	4.03	nan	nan	1446257064291.48	5.29	1.45	4.81	3.03	784.00	21952.00	3.04	0.04	0.00	0.00	28.000000
29	-0.66	-0.75	0.89	nan	nan	1.54	1965667148572.02	1965667148572.02	1.00	4.06	nan	nan	3931334297144.04	5.39	1.46	4.86	3.07	841.00	24389.00	3.07	0.03	0.00	0.00	29.000000
30	-0.99	0.15	-6.41	nan	nan	1.54	5343237290762.23	5343237290762.23	1.00	4.09	nan	nan	10686474581524.46	5.48	1.48	4.91	3.10	900.00	27000.00	3.11	0.03	0.00	0.00	30.000000
31	-0.40	0.91	-0.44	nan	nan	1.54	14524424832623.71	14524424832623.71	1.00	4.13	nan	nan	29048849665247.43	5.57	1.49	4.95	3.13	961.00	29791.00	3.14	0.03	0.00	0.00	31.000000
32	0.55	0.83	0.66	nan	nan	1.54	39481480091340.34	39481480091340.34	1.00	4.16	nan	nan	78962960182680.69	5.66	1.51	5.00	3.15	1024.00	32768.00	3.17	0.03	0.00	0.00	32.000000
33	1.00	-0.01	-75.31	nan	nan	1.54	107321789892958.03	107321789892958.03	1.00	4.19	nan	nan	214643579785916.06	5.74	1.52	5.04	3.18	1089.00	35937.00	3.21	0.03	0.00	0.00	33.000000
34	0.53	-0.85	-0.62	nan	nan	1.54	291730871263727.44	291730871263727.44	1.00	4.22	nan	nan	583461742527454.88	5.83	1.53	5.09	3.21	1156.00	39304.00	3.24	0.03	0.00	0.00	34.000000
35	-0.43	-0.90	0.47	nan	nan	1.54	793006726156715.38	793006726156715.38	1.00	4.25	nan	nan	1586013452313430.75	5.92	1.54	5.13	3.24	1225.00	42875.00	3.27	0.03	0.00	0.00	35.000000
36	-0.99	-0.13	7.75	nan	nan	1.54	2155615773557597.50	2155615773557597.50	1.00	4.28	nan	nan	4311231547115195.00	6.00	1.56	5.17	3.26	1296.00	46656.00	3.30	0.03	0.00	0.00	36.000000
37	-0.64	0.77	-0.84	nan	nan	1.54	5859571186401306.00	5859571186401306.00	1.00	4.30	nan	nan	11719142372802612.00	6.08	1.57	5.21	3.29	1369.00	50653.00	3.33	0.03	0.00	0.00	37.000000
38	0.30	0.96	0.31	nan	nan	1.54	15927965878556878.00	15927965878556878.00	1.00	4.33	nan	nan	31855931757113756.00	6.16	1.58	5.25	3.31	1444.00	54872.00	3.36	0.03	0.00	0.00	38.000000
39	0.96	0.27	3.61	nan	nan	1.55	43296700211996872.00	43296700211996872.00	1.00	4.36	nan	nan	86593400423993744.00	6.24	1.59	5.29	3.33	1521.00	59319.00	3.39	0.03	0.00	0.00	39.000000
40	0.75	-0.67	-1.12	nan	nan	1.55	117692633418510000.00	117692633418510000.00	1.00	4.38	nan	nan	235385266837020000.00	6.32	1.60	5.32	3.36	1600.00	64000.00	3.42	0.03	0.00	0.00	40.000000
41	-0.16	-0.99	0.16	nan	nan	1.55	319921746765027456.00	319921746765027456.00	1.00	4.41	nan	nan	639843493530054912.00	6.40	1.61	5.36	3.38	1681.00	68921.00	3.45	0.02	0.00	0.00	41.000000
42	-0.92	-0.40	2.29	nan	nan	1.55	869637470760250496.00	869637470760250496.00	1.00	4.43	nan	nan	1739274941520500992.00	6.48	1.62	5.39	3.40	1764.00	74088.00	3.48	0.02	0.00	0.00	42.000000
43	-0.83	0.56	-1.50	nan	nan	1.55	2363919734114673152.00	2363919734114673152.00	1.00	4.45	nan	nan	4727839468229346304.00	6.56	1.63	5.43	3.42	1849.00	79507.00	3.50	0.02	0.00	0.00	43.000000
44	0.02	1.00	0.02	nan	nan	1.55	6425800057179654144.00	6425800057179654144.00	1.00	4.48	nan	nan	12851600114359308288.00	6.63	1.64	5.46	3.44	1936.00	85184.00	3.53	0.02	0.00	0.00	44.000000
45	0.85	0.53	1.62	nan	nan	1.55	17467135528742547456.00	17467135528742547456.00	1.00	4.50	nan	nan	34934271057485094912.00	6.71	1.65	5.49	3.46	2025.00	91125.00	3.56	0.02	0.00	0.00	45.000000
46	0.90	-0.43	-2.09	nan	nan	1.55	47480597103012241408.00	47480597103012241408.00	1.00	4.52	nan	nan	94961194206024482816.00	6.78	1.66	5.52	3.48	2116.00	97336.00	3.58	0.02	0.00	0.00	46.000000
47	0.12	-0.99	-0.12	nan	nan	1.55	129065644309503377408.00	129065644309503377408.00	1.00	4.54	nan	nan	258131288619006754816.00	6.86	1.67	5.55	3.50	2209.00	103823.00	3.61	0.02	0.00	0.00	47.000000
48	-0.77	-0.64	1.20	nan	nan	1.55	350836795604881571840.00	350836795604881571840.00	1.00	4.56	nan	nan	701673591209763143680.00	6.93	1.68	5.58	3.52	2304.00	110592.00	3.63	0.02	0.00	0.00	48.000000
49	-0.95	0.30	-3.17	nan	nan	1.55	953673286247549894656.00	953673286247549894656.00	1.00	4.59	nan	nan	1907346572495099789312.00	7.00	1.69	5.61	3.54	2401.00	117649.00	3.66	0.02	0.00	0.00	49.000000
50	-0.26	0.96	-0.27	nan	nan	1.55	2592352764293536022528.00	2592352764293536022528.00	1.00	4.61	nan	nan	5184705528587072045056.00	7.07	1.70	5.64	3.56	2500.00	125000.00	3.68	0.02	0.00	0.00	50.000000
51	0.67	0.74	0.90	nan	nan	1.55	7046745412134694289408.00	7046745412134694289408.00	1.00	4.63	nan	nan	14093490824269388578816.00	7.14	1.71	5.67	3.58	2601.00	132651.00	3.71	0.02	0.00	0.00	51.000000
52	0.99	-0.16	-6.05	nan	nan	1.55	19155040003582884577280.00	19155040003582884577280.00	1.00	4.64	nan	nan	38310080007165769154560.00	7.21	1.72	5.70	3.60	2704.00	140608.00	3.73	0.02	0.00	0.00	52.000000
53	0.40	-0.92	-0.43	nan	nan	1.55	52068797165145442746368.00	52068797165145442746368.00	1.00	4.66	nan	nan	104137594330290885492736.00	7.28	1.72	5.73	3.61	2809.00	148877.00	3.76	0.02	0.00	0.00	53.000000
54	-0.56	-0.83	0.67	nan	nan	1.55	141537665163734697377792.00	141537665163734697377792.00	1.00	4.68	nan	nan	283075330327469394755584.00	7.35	1.73	5.75	3.63	2916.00	157464.00	3.78	0.02	0.00	0.00	54.000000
55	-1.00	0.02	-45.18	nan	nan	1.55	384739263257100876251136.00	384739263257100876251136.00	1.00	4.70	nan	nan	769478526514201752502272.00	7.42	1.74	5.78	3.65	3025.00	166375.00	3.80	0.02	0.00	0.00	55.000000
56	-0.52	0.85	-0.61	nan	nan	1.55	1045829748006498051555328.00	1045829748006498051555328.00	1.00	4.72	nan	nan	2091659496012996103110656.00	7.48	1.75	5.81	3.66	3136.00	175616.00	3.83	0.02	0.00	0.00	56.000000
57	0.44	0.90	0.48	nan	nan	1.55	2842859999667966007312384.00	2842859999667966007312384.00	1.00	4.74	nan	nan	5685719999335932014624768.00	7.55	1.76	5.83	3.68	3249.00	185193.00	3.85	0.02	0.00	0.00	57.000000
58	0.99	0.12	8.33	nan	nan	1.55	7727694677950519591305216.00	7727694677950519591305216.00	1.00	4.75	nan	nan	15455389355901039182610432.00	7.62	1.76	5.86	3.70	3364.00	195112.00	3.87	0.02	0.00	0.00	58.000000
59	0.64	-0.77	-0.83	nan	nan	1.55	21006052018952572155985920.00	21006052018952572155985920.00	1.00	4.77	nan	nan	42012104037905144311971840.00	7.68	1.77	5.88	3.71	3481.00	205379.00	3.89	0.02	0.00	0.00	59.000000
60	-0.30	-0.95	0.32	nan	nan	1.55	57100369490784211727024128.00	57100369490784211727024128.00	1.00	4.79	nan	nan	114200738981568423454048256.00	7.75	1.78	5.91	3.73	3600.00	216000.00	3.91	0.02	0.00	0.00	60.000000
61	-0.97	-0.26	3.74	nan	nan	1.55	155214896785095993736560640.00	155214896785095993736560640.00	1.00	4.80	nan	nan	310429793570191987473121280.00	7.81	1.79	5.93	3.74	3721.00	226981.00	3.94	0.02	0.00	0.00	61.000000
62	-0.74	0.67	-1.10	nan	nan	1.55	421917833437072691594002432.00	421917833437072691594002432.00	1.00	4.82	nan	nan	843835666874145383188004864.00	7.87	1.79	5.95	3.76	3844.00	238328.00	3.96	0.02	0.00	0.00	62.000000
63	0.17	0.99	0.17	nan	nan	1.55	1146891579734804977380491264.00	1146891579734804977380491264.00	1.00	4.84	nan	nan	2293783159469609954760982528.00	7.94	1.80	5.98	3.77	3969.00	250047.00	3.98	0.02	0.00	0.00	63.000000
64	0.92	0.39	2.35	nan	nan	1.56	3117574540405808371955924992.00	3117574540405808371955924992.00	1.00	4.85	nan	nan	6235149080811616743911849984.00	8.00	1.81	6.00	3.79	4096.00	262144.00	4.00	0.02	0.00	0.00	64.000000
65	0.83	-0.56	-1.47	nan	nan	1.56	8474446222051668901679333376.00	8474446222051668901679333376.00	1.00	4.87	nan	nan	16948892444103337803358666752.00	8.06	1.81	6.02	3.80	4225.00	274625.00	4.02	0.02	0.00	0.00	65.000000
66	-0.03	-1.00	0.03	nan	nan	1.56	23035933171656458903220125696.00	23035933171656458903220125696.00	1.00	4.88	nan	nan	46071866343312917806440251392.00	8.12	1.82	6.04	3.81	4356.00	287496.00	4.04	0.02	0.00	0.00	66.000000
67	-0.86	-0.52	1.65	nan	nan	1.56	62618158542110684663089463296.00	62618158542110684663089463296.00	1.00	4.90	nan	nan	125236317084221369326178926592.00	8.19	1.83	6.07	3.83	4489.00	300763.00	4.06	0.01	0.00	0.00	67.000000
68	-0.90	0.44	-2.04	nan	nan	1.56	170213802496587037913368231936.00	170213802496587037913368231936.00	1.00	4.91	nan	nan	340427604993174075826736463872.00	8.25	1.83	6.09	3.84	4624.00	314432.00	4.08	0.01	0.00	0.00	68.000000
69	-0.11	0.99	-0.12	nan	nan	1.56	462689086279389359344439001088.00	462689086279389359344439001088.00	1.00	4.93	nan	nan	925378172558778718688878002176.00	8.31	1.84	6.11	3.85	4761.00	328509.00	4.10	0.01	0.00	0.00	69.000000
70	0.77	0.63	1.22	nan	nan	1.56	1257719335459583439894665494528.00	1257719335459583439894665494528.00	1.00	4.94	nan	nan	2515438670919166879789330989056.00	8.37	1.85	6.13	3.87	4900.00	343000.00	4.12	0.01	0.00	0.00	70.000000
71	0.95	-0.31	-3.08	nan	nan	1.56	3418835614881372073512017068032.00	3418835614881372073512017068032.00	1.00	4.96	nan	nan	6837671229762744147024034136064.00	8.43	1.85	6.15	3.88	5041.00	357911.00	4.14	0.01	0.00	0.00	71.000000
72	0.25	-0.97	-0.26	nan	nan	1.56	9293358726420639435122276302848.00	9293358726420639435122276302848.00	1.00	4.97	nan	nan	18586717452841278870244552605696.00	8.49	1.86	6.17	3.89	5184.00	373248.00	4.16	0.01	0.00	0.00	72.000000
73	-0.68	-0.74	0.92	nan	nan	1.56	25261968151380519727170590867456.00	25261968151380519727170590867456.00	1.00	4.98	nan	nan	50523936302761039454341181734912.00	8.54	1.86	6.19	3.91	5329.00	389017.00	4.18	0.01	0.00	0.00	73.000000
74	-0.99	0.17	-5.74	nan	nan	1.56	68669148977008805387284248526848.00	68669148977008805387284248526848.00	1.00	5.00	nan	nan	137338297954017610774568497053696.00	8.60	1.87	6.21	3.92	5476.00	405224.00	4.20	0.01	0.00	0.00	74.000000
75	-0.39	0.92	-0.42	nan	nan	1.56	186662099839950074243683025158144.00	186662099839950074243683025158144.00	1.00	5.01	nan	nan	373324199679900148487366050316288.00	8.66	1.88	6.23	3.93	5625.00	421875.00	4.22	0.01	0.00	0.00	75.000000
76	0.57	0.82	0.69	nan	nan	1.56	507400194056944373073172100022272.00	507400194056944373073172100022272.00	1.00	5.02	nan	nan	1014800388113888746146344200044544.00	8.72	1.88	6.25	3.94	5776.00	438976.00	4.24	0.01	0.00	0.00	76.000000
77	1.00	-0.03	-32.27	nan	nan	1.56	1379256727261585160594838211526656.00	1379256727261585160594838211526656.00	1.00	5.04	nan	nan	2758513454523170321189676423053312.00	8.77	1.89	6.27	3.95	5929.00	456533.00	4.25	0.01	0.00	0.00	77.000000
78	0.51	-0.86	-0.60	nan	nan	1.56	3749208498495060453505735753465856.00	3749208498495060453505735753465856.00	1.00	5.05	nan	nan	7498416996990120907011471506931712.00	8.83	1.89	6.29	3.97	6084.00	474552.00	4.27	0.01	0.00	0.00	78.000000
79	-0.44	-0.90	0.50	nan	nan	1.56	10191405332563344119802498725707776.00	10191405332563344119802498725707776.00	1.00	5.06	nan	nan	20382810665126688239604997451415552.00	8.89	1.90	6.30	3.98	6241.00	493039.00	4.29	0.01	0.00	0.00	79.000000
80	-0.99	-0.11	9.00	nan	nan	1.56	27703111921967549172259015817691136.00	27703111921967549172259015817691136.00	1.00	5.08	nan	nan	55406223843935098344518031635382272.00	8.94	1.90	6.32	3.99	6400.00	512000.00	4.31	0.01	0.00	0.00	80.000000
81	-0.63	0.78	-0.81	nan	nan	1.56	75304865729251530946123677434904576.00	75304865729251530946123677434904576.00	1.00	5.09	nan	nan	150609731458503061892247354869809152.00	9.00	1.91	6.34	4.00	6561.00	531441.00	4.33	0.01	0.00	0.00	81.000000
82	0.31	0.95	0.33	nan	nan	1.56	204699848106372725569216025213272064.00	204699848106372725569216025213272064.00	1.00	5.10	nan	nan	409399696212745451138432050426544128.00	9.06	1.91	6.36	4.01	6724.00	551368.00	4.34	0.01	0.00	0.00	82.000000
83	0.97	0.25	3.88	nan	nan	1.56	556431877395879720024402465979891712.00	556431877395879720024402465979891712.00	1.00	5.11	nan	nan	1112863754791759440048804931959783424.00	9.11	1.92	6.38	4.02	6889.00	571787.00	4.36	0.01	0.00	0.00	83.000000
84	0.73	-0.68	-1.08	nan	nan	1.56	1512538661100571281117094712512086016.00	1512538661100571281117094712512086016.00	1.00	5.12	nan	nan	3025077322201142562234189425024172032.00	9.17	1.92	6.39	4.03	7056.00	592704.00	4.38	0.01	0.00	0.00	84.000000
85	-0.18	-0.98	0.18	nan	nan	1.56	4111506357311456550997812691465142272.00	4111506357311456550997812691465142272.00	1.00	5.14	nan	nan	8223012714622913101995625382930284544.00	9.22	1.93	6.41	4.04	7225.00	614125.00	4.40	0.01	0.00	0.00	85.000000
86	-0.92	-0.38	2.41	nan	nan	1.56	11176233018673574870806918437374263296.00	11176233018673574870806918437374263296.00	1.00	5.15	nan	nan	22352466037347149741613836874748526592.00	9.27	1.93	6.43	4.05	7396.00	636056.00	4.41	0.01	0.00	0.00	86.000000
87	-0.82	0.57	-1.44	nan	nan	1.56	30380151125284359532585345825468579840.00	30380151125284359532585345825468579840.00	1.00	5.16	nan	nan	60760302250568719065170691650937159680.00	9.33	1.94	6.44	4.07	7569.00	658503.00	4.43	0.01	0.00	0.00	87.000000
88	0.04	1.00	0.04	nan	nan	1.56	82581812749700090493498299401398910976.00	82581812749700090493498299401398910976.00	1.00	5.17	nan	nan	165163625499400180986996598802797821952.00	9.38	1.94	6.46	4.08	7744.00	681472.00	4.45	0.01	0.00	0.00	88.000000
89	0.86	0.51	1.69	nan	nan	1.56	224480640958717277487346466329771114496.00	224480640958717277487346466329771114496.00	1.00	5.18	nan	nan	448961281917434554974692932659542228992.00	9.43	1.95	6.48	4.09	7921.00	704969.00	4.46	0.01	0.00	0.00	89.000000
90	0.89	-0.45	-2.00	nan	nan	1.56	610201647158920417091447150764596658176.00	610201647158920417091447150764596658176.00	1.00	5.19	nan	nan	1220403294317840834182894301529193316352.00	9.49	1.95	6.49	4.10	8100.00	729000.00	4.48	0.01	0.00	0.00	90.000000
91	0.11	-0.99	-0.11	nan	nan	1.56	1658700049167871415849385013124521787392.00	1658700049167871415849385013124521787392.00	1.00	5.20	nan	nan	3317400098335742831698770026249043574784.00	9.54	1.96	6.51	4.11	8281.00	753571.00	4.50	0.01	0.00	0.00	91.000000
92	-0.78	-0.63	1.24	nan	nan	1.56	4508814202517149259725101140041546072064.00	4508814202517149259725101140041546072064.00	1.00	5.21	nan	nan	9017628405034298519450202280083092144128.00	9.59	1.96	6.52	4.12	8464.00	778688.00	4.51	0.01	0.00	0.00	92.000000
93	-0.95	0.32	-2.99	nan	nan	1.56	12256227714600429832487424267443637321728.00	12256227714600429832487424267443637321728.00	1.00	5.23	nan	nan	24512455429200859664974848534887274643456.00	9.64	1.97	6.54	4.13	8649.00	804357.00	4.53	0.01	0.00	0.00	93.000000
94	-0.25	0.97	-0.25	nan	nan	1.56	33315881082054480925018415342027121098752.00	33315881082054480925018415342027121098752.00	1.00	5.24	nan	nan	66631762164108961850036830684054242197504.00	9.70	1.97	6.55	4.14	8836.00	830584.00	4.55	0.01	0.00	0.00	94.000000
95	0.68	0.73	0.94	nan	nan	1.56	90561954144451167416485623413959106232320.00	90561954144451167416485623413959106232320.00	1.00	5.25	nan	nan	181123908288902334832971246827918212464640.00	9.75	1.98	6.57	4.15	9025.00	857375.00	4.56	0.01	0.00	0.00	95.000000
96	0.98	-0.18	-5.45	nan	nan	1.56	246172914300602913052825538085788953083904.00	246172914300602913052825538085788953083904.00	1.00	5.26	nan	nan	492345828601205826105651076171577906167808.00	9.80	1.98	6.58	4.15	9216.00	884736.00	4.58	0.01	0.00	0.00	96.000000
97	0.38	-0.93	-0.41	nan	nan	1.56	669167359602134769352393367585013769437184.00	669167359602134769352393367585013769437184.00	1.00	5.27	nan	nan	1338334719204269538704786735170027538874368.00	9.85	1.99	6.60	4.16	9409.00	912673.00	4.59	0.01	0.00	0.00	97.000000
98	-0.57	-0.82	0.70	nan	nan	1.56	1818985473804402374939952861231624258322432.00	1818985473804402374939952861231624258322432.00	1.00	5.28	nan	nan	3637970947608804749879905722463248516644864.00	9.90	1.99	6.61	4.17	9604.00	941192.00	4.61	0.01	0.00	0.00	98.000000
99	-1.00	0.04	-25.09	nan	nan	1.56	4944515159673473127630978696722125259014144.00	4944515159673473127630978696722125259014144.00	1.00	5.29	nan	nan	9889030319346946255261957393444250518028288.00	9.95	2.00	6.63	4.18	9801.00	970299.00	4.63	0.01	0.00	0.00	99.000000
100	-0.51	0.86	-0.59	nan	nan	1.56	13440585709080678047126700217981451777343488.00	13440585709080678047126700217981451777343488.00	1.00	5.30	nan	nan	26881171418161356094253400435962903554686976.00	10.00	2.00	6.64	4.19	10000.00	1000000.00	4.64	0.01	0.00	0.00	100.000000
101	0.45	0.89	0.51	nan	nan	1.56	36535299896840334453246072927117612282806272.00	36535299896840334453246072927117612282806272.00	1.00	5.31	nan	nan	73070599793680668906492145854235224565612544.00	10.05	2.00	6.66	4.20	10201.00	1030301.00	4.66	0.01	0.00	0.00	101.000000
102	0.99	0.10	9.79	nan	nan	1.56	99313241806882717178092747149682832895377408.00	99313241806882717178092747149682832895377408.00	1.00	5.32	nan	nan	198626483613765434356185494299365665790754816.00	10.10	2.01	6.67	4.21	10404.00	1061208.00	4.67	0.01	0.00	0.00	102.000000
103	0.62	-0.78	-0.80	nan	nan	1.56	269961380529008435140845494177870765791117312.00	269961380529008435140845494177870765791117312.00	1.00	5.33	nan	nan	539922761058016870281690988355741531582234624.00	10.15	2.01	6.69	4.22	10609.00	1092727.00	4.69	0.01	0.00	0.00	103.000000
104	-0.32	-0.95	0.34	nan	nan	1.56	733831115077721192672580081465518889935831040.00	733831115077721192672580081465518889935831040.00	1.00	5.34	nan	nan	1467662230155442385345160162931037779871662080.00	10.20	2.02	6.70	4.23	10816.00	1124864.00	4.70	0.01	0.00	0.00	104.000000
105	-0.97	-0.24	4.03	nan	nan	1.56	1994759785273607948024712802911954050033385472.00	1994759785273607948024712802911954050033385472.00	1.00	5.35	nan	nan	3989519570547215896049425605823908100066770944.00	10.25	2.02	6.71	4.24	11025.00	1157625.00	4.72	0.01	0.00	0.00	105.000000
106	-0.73	0.69	-1.06	nan	nan	1.56	5422319276450115660368467885026190147484385280.00	5422319276450115660368467885026190147484385280.00	1.00	5.36	nan	nan	10844638552900231320736935770052380294968770560.00	10.30	2.03	6.73	4.24	11236.00	1191016.00	4.73	0.01	0.00	0.00	106.000000
107	0.18	0.98	0.19	nan	nan	1.56	14739391957277546125639193567453063982943830016.00	14739391957277546125639193567453063982943830016.00	1.00	5.37	nan	nan	29478783914555092251278387134906127965887660032.00	10.34	2.03	6.74	4.25	11449.00	1225043.00	4.75	0.01	0.00	0.00	107.000000
108	0.93	0.38	2.47	nan	nan	1.56	40065821320002953492494879708015658724275257344.00	40065821320002953492494879708015658724275257344.00	1.00	5.38	nan	nan	80131642640005906984989759416031317448550514688.00	10.39	2.03	6.75	4.26	11664.00	1259712.00	4.76	0.01	0.00	0.00	108.000000
109	0.82	-0.58	-1.42	nan	nan	1.56	108910194036451028572980536341424036727540940800.00	108910194036451028572980536341424036727540940800.00	1.00	5.38	nan	nan	217820388072902057145961072682848073455081881600.00	10.44	2.04	6.77	4.27	11881.00	1295029.00	4.78	0.01	0.00	0.00	109.000000
110	-0.04	-1.00	0.04	nan	nan	1.56	296048601383233496808508215060290824712763736064.00	296048601383233496808508215060290824712763736064.00	1.00	5.39	nan	nan	592097202766466993617016430120581649425527472128.00	10.49	2.04	6.78	4.28	12100.00	1331000.00	4.79	0.01	0.00	0.00	110.000000
111	-0.86	-0.50	1.72	nan	nan	1.56	804743533480759043030537317182825167162913587200.00	804743533480759043030537317182825167162913587200.00	1.00	5.40	nan	nan	1609487066961518086061074634365650334325827174400.00	10.54	2.05	6.79	4.29	12321.00	1367631.00	4.81	0.01	0.00	0.00	111.000000
112	-0.89	0.46	-1.95	nan	nan	1.56	2187519723630670484940079525711715557060575756288.00	2187519723630670484940079525711715557060575756288.00	1.00	5.41	nan	nan	4375039447261340969880159051423431114121151512576.00	10.58	2.05	6.81	4.29	12544.00	1404928.00	4.82	0.01	0.00	0.00	112.000000
113	-0.10	1.00	-0.10	nan	nan	1.56	5946295114141004725430975648394761317174376136704.00	5946295114141004725430975648394761317174376136704.00	1.00	5.42	nan	nan	11892590228282009450861951296789522634348752273408.00	10.63	2.05	6.82	4.30	12769.00	1442897.00	4.83	0.01	0.00	0.00	113.000000
114	0.78	0.62	1.27	nan	nan	1.56	16163705955424297372991715230277090964109231390720.00	16163705955424297372991715230277090964109231390720.00	1.00	5.43	nan	nan	32327411910848594745983430460554181928218462781440.00	10.68	2.06	6.83	4.31	12996.00	1481544.00	4.85	0.01	0.00	0.00	114.000000
115	0.95	-0.33	-2.90	nan	nan	1.56	43937508179185115540775476736907234636568163516416.00	43937508179185115540775476736907234636568163516416.00	1.00	5.44	nan	nan	87875016358370231081550953473814469273136327032832.00	10.72	2.06	6.85	4.32	13225.00	1520875.00	4.86	0.01	0.00	0.00	115.000000
116	0.24	-0.97	-0.24	nan	nan	1.56	119434530071249563511392097256265632189740086198272.00	119434530071249563511392097256265632189740086198272.00	1.00	5.45	nan	nan	238869060142499127022784194512531264379480172396544.00	10.77	2.06	6.86	4.33	13456.00	1560896.00	4.88	0.01	0.00	0.00	116.000000
117	-0.69	-0.72	0.95	nan	nan	1.56	324656712783223106102263801549361999802767694102528.00	324656712783223106102263801549361999802767694102528.00	1.00	5.46	nan	nan	649313425566446212204527603098723999605535388205056.00	10.82	2.07	6.87	4.33	13689.00	1601613.00	4.89	0.01	0.00	0.00	117.000000
118	-0.98	0.19	-5.19	nan	nan	1.56	882508442845882773348412007337314431545552878436352.00	882508442845882773348412007337314431545552878436352.00	1.00	5.46	nan	nan	1765016885691765546696824014674628863091105756872704.00	10.86	2.07	6.88	4.34	13924.00	1643032.00	4.90	0.01	0.00	0.00	118.000000
119	-0.37	0.93	-0.40	nan	nan	1.56	2398906663649651117164393284394597638875149362003968.00	2398906663649651117164393284394597638875149362003968.00	1.00	5.47	nan	nan	4797813327299302234328786568789195277750298724007936.00	10.91	2.08	6.89	4.35	14161.00	1685159.00	4.92	0.01	0.00	0.00	119.000000
120	0.58	0.81	0.71	nan	nan	1.56	6520904391968161280678304831413727731915757241499648.00	6520904391968161280678304831413727731915757241499648.00	1.00	5.48	nan	nan	13041808783936322561356609662827455463831514482999296.00	10.95	2.08	6.91	4.36	14400.00	1728000.00	4.93	0.01	0.00	0.00	120.000000
121	1.00	-0.05	-20.52	nan	nan	1.56	17725655913805832156084208200898455028543335950188544.00	17725655913805832156084208200898455028543335950188544.00	1.00	5.49	nan	nan	35451311827611664312168416401796910057086671900377088.00	11.00	2.08	6.92	4.37	14641.00	1771561.00	4.95	0.01	0.00	0.00	121.000000
122	0.50	-0.87	-0.58	nan	nan	1.56	48183328368016008320775669663358137240150279272267776.00	48183328368016008320775669663358137240150279272267776.00	1.00	5.50	nan	nan	96366656736032016641551339326716274480300558544535552.00	11.05	2.09	6.93	4.37	14884.00	1815848.00	4.96	0.01	0.00	0.00	122.000000
123	-0.46	-0.89	0.52	nan	nan	1.56	130975865937453129055230543432124355329320962901409792.00	130975865937453129055230543432124355329320962901409792.00	1.00	5.51	nan	nan	261951731874906258110461086864248710658641925802819584.00	11.09	2.09	6.94	4.38	15129.00	1860867.00	4.97	0.01	0.00	0.00	123.000000
124	-1.00	-0.09	10.73	nan	nan	1.56	356029316344466896586355651387721654264466542268776448.00	356029316344466896586355651387721654264466542268776448.00	1.00	5.51	nan	nan	712058632688933793172711302775443308528933084537552896.00	11.14	2.09	6.95	4.39	15376.00	1906624.00	4.99	0.01	0.00	0.00	124.000000
125	-0.62	0.79	-0.78	nan	nan	1.56	967788021017861293808198753143006464889886766171947008.00	967788021017861293808198753143006464889886766171947008.00	1.00	5.52	nan	nan	1935576042035722587616397506286012929779773532343894016.00	11.18	2.10	6.97	4.39	15625.00	1953125.00	5.00	0.01	0.00	0.00	125.000000
126	0.33	0.94	0.35	nan	nan	1.56	2630720591333192984543556315980943403127493018821591040.00	2630720591333192984543556315980943403127493018821591040.00	1.00	5.53	nan	nan	5261441182666385969087112631961886806254986037643182080.00	11.22	2.10	6.98	4.40	15876.00	2000376.00	5.01	0.01	0.00	0.00	126.000000
127	0.97	0.23	4.19	nan	nan	1.56	7151039979174052479401677056689140764482816087328555008.00	7151039979174052479401677056689140764482816087328555008.00	1.00	5.54	nan	nan	14302079958348104958803354113378281528965632174657110016.00	11.27	2.10	6.99	4.41	16129.00	2048383.00	5.03	0.01	0.00	0.00	127.000000
128	0.72	-0.69	-1.04	nan	nan	1.56	19438542029972974107130313258678923209628198290042388480.00	19438542029972974107130313258678923209628198290042388480.00	1.00	5.55	nan	nan	38877084059945948214260626517357846419256396580084776960.00	11.31	2.11	7.00	4.42	16384.00	2097152.00	5.04	0.01	0.00	0.00	128.000000
129	-0.19	-0.98	0.20	nan	nan	1.56	52839435571812935554457858438840791257502632121458491392.00	52839435571812935554457858438840791257502632121458491392.00	1.00	5.55	nan	nan	105678871143625871108915716877681582515005264242916982784.00	11.36	2.11	7.01	4.42	16641.00	2146689.00	5.05	0.01	0.00	0.00	129.000000
130	-0.93	-0.37	2.53	nan	nan	1.56	143632477540891605288893751300593010529887988280218091520.00	143632477540891605288893751300593010529887988280218091520.00	1.00	5.56	nan	nan	287264955081783210577787502601186021059775976560436183040.00	11.40	2.11	7.02	4.43	16900.00	2197000.00	5.07	0.01	0.00	0.00	130.000000
131	-0.81	0.58	-1.39	nan	nan	1.56	390433553675957560255750206826663150829079661397569175552.00	390433553675957560255750206826663150829079661397569175552.00	1.00	5.57	nan	nan	780867107351915120511500413653326301658159322795138351104.00	11.45	2.12	7.03	4.44	17161.00	2248091.00	5.08	0.01	0.00	0.00	131.000000
132	0.05	1.00	0.05	nan	nan	1.56	1061308434178044648937303538753930928587008485680161488896.00	1061308434178044648937303538753930928587008485680161488896.00	1.00	5.58	nan	nan	2122616868356089297874607077507861857174016971360322977792.00	11.49	2.12	7.04	4.44	17424.00	2299968.00	5.09	0.01	0.00	0.00	132.000000
133	0.87	0.49	1.76	nan	nan	1.56	2884935431016501462366644448011158173624286866024830074880.00	2884935431016501462366644448011158173624286866024830074880.00	1.00	5.58	nan	nan	5769870862033002924733288896022316347248573732049660149760.00	11.53	2.12	7.06	4.45	17689.00	2352637.00	5.10	0.01	0.00	0.00	133.000000
134	0.89	-0.46	-1.91	nan	nan	1.56	7842067558409819981927360919723115196706288024628439810048.00	7842067558409819981927360919723115196706288024628439810048.00	1.00	5.59	nan	nan	15684135116819639963854721839446230393412576049256879620096.00	11.58	2.13	7.07	4.46	17956.00	2406104.00	5.12	0.01	0.00	0.00	134.000000
135	0.09	-1.00	-0.09	nan	nan	1.56	21316949741573604737365720410919451282620893051988870168576.00	21316949741573604737365720410919451282620893051988870168576.00	1.00	5.60	nan	nan	42633899483147209474731440821838902565241786103977740337152.00	11.62	2.13	7.08	4.46	18225.00	2460375.00	5.13	0.01	0.00	0.00	135.000000
136	-0.79	-0.61	1.29	nan	nan	1.56	57945477120694269863538578361634322051930805878437156225024.00	57945477120694269863538578361634322051930805878437156225024.00	1.00	5.61	nan	nan	115890954241388539727077156723268644103861611756874312450048.00	11.66	2.13	7.09	4.47	18496.00	2515456.00	5.14	0.01	0.00	0.00	136.000000
137	-0.94	0.33	-2.82	nan	nan	1.56	157512137498572600742376819953412077239358965207399231651840.00	157512137498572600742376819953412077239358965207399231651840.00	1.00	5.61	nan	nan	315024274997145201484753639906824154478717930414798463303680.00	11.70	2.14	7.10	4.48	18769.00	2571353.00	5.16	0.01	0.00	0.00	137.000000
138	-0.23	0.97	-0.23	nan	nan	1.56	428162381124112489203111134652927247029174728282832159899648.00	428162381124112489203111134652927247029174728282832159899648.00	1.00	5.62	nan	nan	856324762248224978406222269305854494058349456565664319799296.00	11.75	2.14	7.11	4.48	19044.00	2628072.00	5.17	0.01	0.00	0.00	138.000000
139	0.70	0.72	0.97	nan	nan	1.56	1163866020239431089791139470674587416466156824013873967267840.00	1163866020239431089791139470674587416466156824013873967267840.00	1.00	5.63	nan	nan	2327732040478862179582278941349174832932313648027747934535680.00	11.79	2.14	7.12	4.49	19321.00	2685619.00	5.18	0.01	0.00	0.00	139.000000
140	0.98	-0.20	-4.96	nan	nan	1.56	3163715853577792534571631761083164399648092924242417745395712.00	3163715853577792534571631761083164399648092924242417745395712.00	1.00	5.63	nan	nan	6327431707155585069143263522166328799296185848484835490791424.00	11.83	2.15	7.13	4.50	19600.00	2744000.00	5.19	0.01	0.00	0.00	140.000000
141	0.36	-0.93	-0.39	nan	nan	1.56	8599871315188311652270197995833194125616700306342678114598912.00	8599871315188311652270197995833194125616700306342678114598912.00	1.00	5.64	nan	nan	17199742630376623304540395991666388251233400612685356229197824.00	11.87	2.15	7.14	4.50	19881.00	2803221.00	5.20	0.01	0.00	0.00	141.000000
142	-0.59	-0.81	0.73	nan	nan	1.56	23376873923162576366689728137214830594244931391238169386024960.00	23376873923162576366689728137214830594244931391238169386024960.00	1.00	5.65	nan	nan	46753747846325152733379456274429661188489862782476338772049920.00	11.92	2.15	7.15	4.51	20164.00	2863288.00	5.22	0.01	0.00	0.00	142.000000
143	-1.00	0.06	-17.36	nan	nan	1.56	63544931591510944129884270732765650309727494239922740610990080.00	63544931591510944129884270732765650309727494239922740610990080.00	1.00	5.66	nan	nan	127089863183021888259768541465531300619454988479845481221980160.00	11.96	2.16	7.16	4.52	20449.00	2924207.00	5.23	0.01	0.00	0.00	143.000000
144	-0.49	0.87	-0.56	nan	nan	1.56	172733032835877306879341537519927727193013477294144115875774464.00	172733032835877306879341537519927727193013477294144115875774464.00	1.00	5.66	nan	nan	345466065671754613758683075039855454386026954588288231751548928.00	12.00	2.16	7.17	4.52	20736.00	2985984.00	5.24	0.01	0.00	0.00	144.000000
145	0.47	0.88	0.53	nan	nan	1.56	469537064332384848795087218854656748000432538359683052665307136.00	469537064332384848795087218854656748000432538359683052665307136.00	1.00	5.67	nan	nan	939074128664769697590174437709313496000865076719366105330614272.00	12.04	2.16	7.18	4.53	21025.00	3048625.00	5.25	0.01	0.00	0.00	145.000000
146	1.00	0.08	11.87	nan	nan	1.56	1276334069762727636829485367505815897819331201471238090797350912.00	1276334069762727636829485367505815897819331201471238090797350912.00	1.00	5.68	nan	nan	2552668139525455273658970735011631795638662402942476181594701824.00	12.08	2.16	7.19	4.54	21316.00	3112136.00	5.27	0.01	0.00	0.00	146.000000
147	0.61	-0.79	-0.77	nan	nan	1.56	3469435708879201859514536844907150779638744984066890339832561664.00	3469435708879201859514536844907150779638744984066890339832561664.00	1.00	5.68	nan	nan	6938871417758403719029073689814301559277489968133780679665123328.00	12.12	2.17	7.20	4.54	21609.00	3176523.00	5.28	0.01	0.00	0.00	147.000000
148	-0.34	-0.94	0.36	nan	nan	1.56	9430904042453259588221151113330603202929799006651948389588008960.00	9430904042453259588221151113330603202929799006651948389588008960.00	1.00	5.69	nan	nan	18861808084906519176442302226661206405859598013303896779176017920.00	12.17	2.17	7.21	4.55	21904.00	3241792.00	5.29	0.01	0.00	0.00	148.000000
149	-0.97	-0.22	4.36	nan	nan	1.56	25635855084541648926558718877024485708832537425592500870266748928.00	25635855084541648926558718877024485708832537425592500870266748928.00	1.00	5.70	nan	nan	51271710169083297853117437754048971417665074851185001740533497856.00	12.21	2.17	7.22	4.55	22201.00	3307949.00	5.30	0.01	0.00	0.00	149.000000
150	-0.71	0.70	-1.02	nan	nan	1.56	69685479033318984514693906469418509399191154628802999332682858496.00	69685479033318984514693906469418509399191154628802999332682858496.00	1.00	5.70	nan	nan	139370958066637969029387812938837018798382309257605998665365716992.00	12.25	2.18	7.23	4.56	22500.00	3375000.00	5.31	0.01	0.00	0.00	150.000000
151	0.20	0.98	0.21	nan	nan	1.56	189424771363734791046794793174416485802385074008118072805167202304.00	189424771363734791046794793174416485802385074008118072805167202304.00	1.00	5.71	nan	nan	378849542727469582093589586348832971604770148016236145610334404608.00	12.29	2.18	7.24	4.57	22801.00	3442951.00	5.33	0.01	0.00	0.00	151.000000
152	0.93	0.36	2.60	nan	nan	1.56	514909913858049554159104842737692835377879455321936476353756921856.00	514909913858049554159104842737692835377879455321936476353756921856.00	1.00	5.72	nan	nan	1029819827716099108318209685475385670755758910643872952707513843712.00	12.33	2.18	7.25	4.57	23104.00	3511808.00	5.34	0.01	0.00	0.00	152.000000
153	0.81	-0.59	-1.36	nan	nan	1.56	1399670262133748576693413838793503293345467296202570620773184045056.00	1399670262133748576693413838793503293345467296202570620773184045056.00	1.00	5.72	nan	nan	2799340524267497153386827677587006586690934592405141241546368090112.00	12.37	2.18	7.26	4.58	23409.00	3581577.00	5.35	0.01	0.00	0.00	153.000000
154	-0.06	-1.00	0.06	nan	nan	1.56	3804698239392677175631157832438426662834665917599470833300234305536.00	3804698239392677175631157832438426662834665917599470833300234305536.00	1.00	5.73	nan	nan	7609396478785354351262315664876853325669331835198941666600468611072.00	12.41	2.19	7.27	4.58	23716.00	3652264.00	5.36	0.01	0.00	0.00	154.000000
155	-0.87	-0.49	1.79	nan	nan	1.56	10342242086911236682803765477751363808622442002082748641717618999296.00	10342242086911236682803765477751363808622442002082748641717618999296.00	1.00	5.74	nan	nan	20684484173822473365607530955502727617244884004165497283435237998592.00	12.45	2.19	7.28	4.59	24025.00	3723875.00	5.37	0.01	0.00	0.00	155.000000
156	-0.88	0.47	-1.87	nan	nan	1.56	28113128730375167192203380239188750757745175706787557799948252610560.00	28113128730375167192203380239188750757745175706787557799948252610560.00	1.00	5.74	nan	nan	56226257460750334384406760478377501515490351413575115599896505221120.00	12.49	2.19	7.29	4.60	24336.00	3796416.00	5.38	0.01	0.00	0.00	156.000000
157	-0.08	1.00	-0.08	nan	nan	1.56	76419406968908732485032266089849524181466171584576570867688704835584.00	76419406968908732485032266089849524181466171584576570867688704835584.00	1.00	5.75	nan	nan	152838813937817464970064532179699048362932343169153141735377409671168.00	12.53	2.20	7.29	4.60	24649.00	3869893.00	5.39	0.01	0.00	0.00	157.000000
158	0.80	0.61	1.31	nan	nan	1.56	207729485305201111354035315884879423490915545120780061126748310339584.00	207729485305201111354035315884879423490915545120780061126748310339584.00	1.00	5.76	nan	nan	415458970610402222708070631769758846981831090241560122253496620679168.00	12.57	2.20	7.30	4.61	24964.00	3944312.00	5.41	0.01	0.00	0.00	158.000000
159	0.94	-0.34	-2.74	nan	nan	1.56	564667285140278515123042565280157832538343531621399061175619110830080.00	564667285140278515123042565280157832538343531621399061175619110830080.00	1.00	5.76	nan	nan	1129334570280557030246085130560315665076687063242798122351238221660160.00	12.61	2.20	7.31	4.61	25281.00	4019679.00	5.42	0.01	0.00	0.00	159.000000
160	0.22	-0.98	-0.22	nan	nan	1.56	1534924820322121211490125965942273759412785180264163652976871265533952.00	1534924820322121211490125965942273759412785180264163652976871265533952.00	1.00	5.77	nan	nan	3069849640644242422980251931884547518825570360528327305953742531067904.00	12.65	2.20	7.32	4.62	25600.00	4096000.00	5.43	0.01	0.00	0.00	160.000000
161	-0.70	-0.71	0.99	nan	nan	1.56	4172358247132387478834915251901903619896066124625966394979993199312896.00	4172358247132387478834915251901903619896066124625966394979993199312896.00	1.00	5.77	nan	nan	8344716494264774957669830503803807239792132249251932789959986398625792.00	12.69	2.21	7.33	4.63	25921.00	4173281.00	5.44	0.01	0.00	0.00	161.000000
162	-0.98	0.21	-4.74	nan	nan	1.56	11341645605001201653530489250498031368653787264725074765033119512788992.00	11341645605001201653530489250498031368653787264725074765033119512788992.00	1.00	5.78	nan	nan	22683291210002403307060978500996062737307574529450149530066239025577984.00	12.73	2.21	7.34	4.63	26244.00	4251528.00	5.45	0.01	0.00	0.00	162.000000
163	-0.35	0.93	-0.38	nan	nan	1.56	30829789152897165400194221890106817656747302755073422851706485926264832.00	30829789152897165400194221890106817656747302755073422851706485926264832.00	1.00	5.79	nan	nan	61659578305794330800388443780213635313494605510146845703412971852529664.00	12.77	2.21	7.35	4.64	26569.00	4330747.00	5.46	0.01	0.00	0.00	163.000000
164	0.59	0.80	0.74	nan	nan	1.56	83804055629544140168640851068590776819554494302804210131756580264214528.00	83804055629544140168640851068590776819554494302804210131756580264214528.00	1.00	5.79	nan	nan	167608111259088280337281702137181553639108988605608420263513160528429056.00	12.81	2.21	7.36	4.64	26896.00	4410944.00	5.47	0.01	0.00	0.00	164.000000
165	1.00	-0.07	-15.04	nan	nan	1.56	227803041568960763058627100113385223270690983461624111387508190874697728.00	227803041568960763058627100113385223270690983461624111387508190874697728.00	1.00	5.80	nan	nan	455606083137921526117254200226770446541381966923248222775016381749395456.00	12.85	2.22	7.37	4.65	27225.00	4492125.00	5.48	0.01	0.00	0.00	165.000000
166	0.48	-0.88	-0.55	nan	nan	1.56	619232868364606618622133532134303108468029349982385037948466028427083776.00	619232868364606618622133532134303108468029349982385037948466028427083776.00	1.00	5.81	nan	nan	1238465736729213237244267064268606216936058699964770075896932056854167552.00	12.88	2.22	7.38	4.65	27556.00	4574296.00	5.50	0.01	0.00	0.00	166.000000
167	-0.48	-0.88	0.54	nan	nan	1.56	1683249453660082030919999591432157425498712071823594330580361204218200064.00	1683249453660082030919999591432157425498712071823594330580361204218200064.00	1.00	5.81	nan	nan	3366498907320164061839999182864314850997424143647188661160722408436400128.00	12.92	2.22	7.38	4.66	27889.00	4657463.00	5.51	0.01	0.00	0.00	167.000000
168	-1.00	-0.08	13.27	nan	nan	1.56	4575546402647816821610861994255425435773284492556336983513062411499208704.00	4575546402647816821610861994255425435773284492556336983513062411499208704.00	1.00	5.82	nan	nan	9151092805295633643221723988510850871546568985112673967026124822998417408.00	12.96	2.23	7.39	4.66	28224.00	4741632.00	5.52	0.01	0.00	0.00	168.000000
169	-0.60	0.80	-0.75	nan	nan	1.56	12437624641588714836799558814298467037025649362515656369275221160929263616.00	12437624641588714836799558814298467037025649362515656369275221160929263616.00	1.00	5.82	nan	nan	24875249283177429673599117628596934074051298725031312738550442321858527232.00	13.00	2.23	7.40	4.67	28561.00	4826809.00	5.53	0.01	0.00	0.00	169.000000
170	0.35	0.94	0.37	nan	nan	1.56	33808969052425045591112384893201594978263381933994317485819512141067059200.00	33808969052425045591112384893201594978263381933994317485819512141067059200.00	1.00	5.83	nan	nan	67617938104850091182224769786403189956526763867988634971639024282134118400.00	13.04	2.23	7.41	4.67	28900.00	4913000.00	5.54	0.01	0.00	0.00	170.000000
171	0.98	0.22	4.54	nan	nan	1.56	91902306214141231853716674280543656810410682520618633294654184515761602560.00	91902306214141231853716674280543656810410682520618633294654184515761602560.00	1.00	5.83	nan	nan	183804612428282463707433348561087313620821365041237266589308369031523205120.00	13.08	2.23	7.42	4.68	29241.00	5000211.00	5.55	0.01	0.00	0.00	171.000000
172	0.71	-0.71	-1.00	nan	nan	1.56	249816368975378905862842028375476147861329096841353084234497633571626287104.00	249816368975378905862842028375476147861329096841353084234497633571626287104.00	1.00	5.84	nan	nan	499632737950757811725684056750952295722658193682706168468995267143252574208.00	13.11	2.24	7.43	4.69	29584.00	5088448.00	5.56	0.01	0.00	0.00	172.000000
173	-0.21	-0.98	0.22	nan	nan	1.57	679071296237392457985058457339239244907819812116577242741159954812837560320.00	679071296237392457985058457339239244907819812116577242741159954812837560320.00	1.00	5.85	nan	nan	1358142592474784915970116914678478489815639624233154485482319909625675120640.00	13.15	2.24	7.43	4.69	29929.00	5177717.00	5.57	0.01	0.00	0.00	173.000000
174	-0.94	-0.35	2.67	nan	nan	1.57	1845907164790233143578875945727339064082475976545780913861258826843615657984.00	1845907164790233143578875945727339064082475976545780913861258826843615657984.00	1.00	5.85	nan	nan	3691814329580466287157751891454678128164951953091561827722517653687231315968.00	13.19	2.24	7.44	4.70	30276.00	5268024.00	5.58	0.01	0.00	0.00	174.000000
175	-0.80	0.60	-1.34	nan	nan	1.57	5017695903071647365987834683491611718342348928123493692332402711675495514112.00	5017695903071647365987834683491611718342348928123493692332402711675495514112.00	1.00	5.86	nan	nan	10035391806143294731975669366983223436684697856246987384664805423350991028224.00	13.23	2.24	7.45	4.70	30625.00	5359375.00	5.59	0.01	0.00	0.00	175.000000
176	0.07	1.00	0.07	nan	nan	1.57	13639511594053057263816499528006545581695616451887664601542464400776767733760.00	13639511594053057263816499528006545581695616451887664601542464400776767733760.00	1.00	5.86	nan	nan	27279023188106114527632999056013091163391232903775329203084928801553535467520.00	13.27	2.25	7.46	4.71	30976.00	5451776.00	5.60	0.01	0.00	0.00	176.000000
177	0.88	0.48	1.83	nan	nan	1.57	37076036515170894481027654467610193630011500396219771440208046812360400175104.00	37076036515170894481027654467610193630011500396219771440208046812360400175104.00	1.00	5.87	nan	nan	74152073030341788962055308935220387260023000792439542880416093624720800350208.00	13.30	2.25	7.47	4.71	31329.00	5545233.00	5.61	0.01	0.00	0.00	177.000000
178	0.88	-0.48	-1.83	nan	nan	1.57	100783116330473057129195543701554413177618259591125910348978142848793555501056.00	100783116330473057129195543701554413177618259591125910348978142848793555501056.00	1.00	5.87	nan	nan	201566232660946114258391087403108826355236519182251820697956285697587111002112.00	13.34	2.25	7.48	4.72	31684.00	5639752.00	5.63	0.01	0.00	0.00	178.000000
179	0.07	-1.00	-0.07	nan	nan	1.57	273956913736598991097245550419055143408671189537986321774721001233135687434240.00	273956913736598991097245550419055143408671189537986321774721001233135687434240.00	1.00	5.88	nan	nan	547913827473197982194491100838110286817342379075972643549442002466271374868480.00	13.38	2.25	7.48	4.72	32041.00	5735339.00	5.64	0.01	0.00	0.00	179.000000
180	-0.80	-0.60	1.34	nan	nan	1.57	744692100390919148529781948394166858221345522376264385313889540325861591351296.00	744692100390919148529781948394166858221345522376264385313889540325861591351296.00	1.00	5.89	nan	nan	1489384200781838297059563896788333716442691044752528770627779080651723182702592.00	13.42	2.26	7.49	4.73	32400.00	5832000.00	5.65	0.01	0.00	0.00	180.000000
181	-0.94	0.35	-2.67	nan	nan	1.57	2024283004289634579012670056896379614620339489900993535187886247104254736072704.00	2024283004289634579012670056896379614620339489900993535187886247104254736072704.00	1.00	5.89	nan	nan	4048566008579269158025340113792759229240678979801987070375772494208509472145408.00	13.45	2.26	7.50	4.73	32761.00	5929741.00	5.66	0.01	0.00	0.00	181.000000
182	-0.21	0.98	-0.22	nan	nan	1.57	5502571706218997759857812890764199104740551006618786766260049917258179381559296.00	5502571706218997759857812890764199104740551006618786766260049917258179381559296.00	1.00	5.90	nan	nan	11005143412437995519715625781528398209481102013237573532520099834516358763118592.00	13.49	2.26	7.51	4.74	33124.00	6028568.00	5.67	0.01	0.00	0.00	182.000000
183	0.71	0.71	1.00	nan	nan	1.57	14957540678807984016648350897806181496825166470380590182139668195511331643719680.00	14957540678807984016648350897806181496825166470380590182139668195511331643719680.00	1.00	5.90	nan	nan	29915081357615968033296701795612362993650332940761180364279336391022663287439360.00	13.53	2.26	7.52	4.74	33489.00	6128487.00	5.68	0.01	0.00	0.00	183.000000
184	0.98	-0.22	-4.54	nan	nan	1.57	40658811025640717105848727770129739660845868484081382043543023338416030791761920.00	40658811025640717105848727770129739660845868484081382043543023338416030791761920.00	1.00	5.91	nan	nan	81317622051281434211697455540259479321691736968162764087086046676832061583523840.00	13.56	2.26	7.52	4.75	33856.00	6229504.00	5.69	0.01	0.00	0.00	184.000000
185	0.35	-0.94	-0.37	nan	nan	1.57	110522107177749440236155414442893821065574718873913566947123668928339698318835712.00	110522107177749440236155414442893821065574718873913566947123668928339698318835712.00	1.00	5.91	nan	nan	221044214355498880472310828885787642131149437747827133894247337856679396637671424.00	13.60	2.27	7.53	4.75	34225.00	6331625.00	5.70	0.01	0.00	0.00	185.000000
186	-0.60	-0.80	0.75	nan	nan	1.57	300430235584279324553433899994081583978509447271078178313973409460751042365882368.00	300430235584279324553433899994081583978509447271078178313973409460751042365882368.00	1.00	5.92	nan	nan	600860471168558649106867799988163167957018894542156356627946818921502084731764736.00	13.64	2.27	7.54	4.76	34596.00	6434856.00	5.71	0.01	0.00	0.00	186.000000
187	-1.00	0.08	-13.27	nan	nan	1.57	816654050108416479483362869590492125714297594998104462381952762596590690915844096.00	816654050108416479483362869590492125714297594998104462381952762596590690915844096.00	1.00	5.92	nan	nan	1633308100216832958966725739180984251428595189996208924763905525193181381831688192.00	13.67	2.27	7.55	4.76	34969.00	6539203.00	5.72	0.01	0.00	0.00	187.000000
188	-0.48	0.88	-0.54	nan	nan	1.57	2219895864547191211955911735497493526090967105952780102204614425155985032077115392.00	2219895864547191211955911735497493526090967105952780102204614425155985032077115392.00	1.00	5.93	nan	nan	4439791729094382423911823470994987052181934211905560204409228850311970064154230784.00	13.71	2.27	7.55	4.77	35344.00	6644672.00	5.73	0.01	0.00	0.00	188.000000
189	0.48	0.88	0.55	nan	nan	1.57	6034302589670011190099111161838979114730540186586703712158959741007849306743373824.00	6034302589670011190099111161838979114730540186586703712158959741007849306743373824.00	1.00	5.93	nan	nan	12068605179340022380198222323677958229461080373173407424317919482015698613486747648.00	13.75	2.28	7.56	4.77	35721.00	6751269.00	5.74	0.01	0.00	0.00	189.000000
190	1.00	0.07	15.05	nan	nan	1.57	16402935076923352356501851911247646213246825033294495869406766346562592083896434688.00	16402935076923352356501851911247646213246825033294495869406766346562592083896434688.00	1.00	5.94	nan	nan	32805870153846704713003703822495292426493650066588991738813532693125184167792869376.00	13.78	2.28	7.57	4.78	36100.00	6859000.00	5.75	0.01	0.00	0.00	190.000000
191	0.59	-0.80	-0.74	nan	nan	1.57	44587800352994216159868806773455136013084143224214539871525806714130685026975612928.00	44587800352994216159868806773455136013084143224214539871525806714130685026975612928.00	1.00	5.95	nan	nan	89175600705988432319737613546910272026168286448429079743051613428261370053951225856.00	13.82	2.28	7.58	4.78	36481.00	6967871.00	5.76	0.01	0.00	0.00	191.000000
192	-0.35	-0.93	0.38	nan	nan	1.57	121202207470503981178528154232317808911401613203381437856343718056287637469982097408.00	121202207470503981178528154232317808911401613203381437856343718056287637469982097408.00	1.00	5.95	nan	nan	242404414941007962357056308464635617822803226406762875712687436112575274939964194816.00	13.86	2.28	7.58	4.79	36864.00	7077888.00	5.77	0.01	0.00	0.00	192.000000
193	-0.98	-0.21	4.74	nan	nan	1.57	329461758136194113038555066136309724464344777941566441727072369538713265819927707648.00	329461758136194113038555066136309724464344777941566441727072369538713265819927707648.00	1.00	5.96	nan	nan	658923516272388226077110132272619448928689555883132883454144739077426531639855415296.00	13.89	2.29	7.59	4.79	37249.00	7189057.00	5.78	0.01	0.00	0.00	193.000000
194	-0.70	0.71	-0.99	nan	nan	1.57	895569910313785415036166637124060810903440323494971176959145760513037809410409234432.00	895569910313785415036166637124060810903440323494971176959145760513037809410409234432.00	1.00	5.96	nan	nan	1791139820627570830072333274248121621806880646989942353918291521026075618820818468864.00	13.93	2.29	7.60	4.80	37636.00	7301384.00	5.79	0.01	0.00	0.00	194.000000
195	0.22	0.98	0.22	nan	nan	1.57	2434411413320659767808796483597533928505190424812919958981045897797222676337457627136.00	2434411413320659767808796483597533928505190424812919958981045897797222676337457627136.00	1.00	5.97	nan	nan	4868822826641319535617592967195067857010380849625839917962091795594445352674915254272.00	13.96	2.29	7.61	4.80	38025.00	7414875.00	5.80	0.01	0.00	0.00	195.000000
196	0.94	0.34	2.74	nan	nan	1.57	6617416307822852097803362000654368527814656105279499006359692126183637041110199566336.00	6617416307822852097803362000654368527814656105279499006359692126183637041110199566336.00	1.00	5.97	nan	nan	13234832615645704195606724001308737055629312210558998012719384252367274082220399132672.00	14.00	2.29	7.61	4.80	38416.00	7529536.00	5.81	0.01	0.00	0.00	196.000000
197	0.80	-0.61	-1.31	nan	nan	1.57	17988002500903406944443640732212682835406434204555661564487392561312859483962743980032.00	17988002500903406944443640732212682835406434204555661564487392561312859483962743980032.00	1.00	5.98	nan	nan	35976005001806813888887281464425365670812868409111323128974785122625718967925487960064.00	14.04	2.29	7.62	4.81	38809.00	7645373.00	5.82	0.01	0.00	0.00	197.000000
198	-0.08	-1.00	0.08	nan	nan	1.57	48896460328481591319376617921604301037366033366597492687642763614380510724908428296192.00	48896460328481591319376617921604301037366033366597492687642763614380510724908428296192.00	1.00	5.98	nan	nan	97792920656963182638753235843208602074732066733194985375285527228761021449816856592384.00	14.07	2.30	7.63	4.81	39204.00	7762392.00	5.83	0.01	0.00	0.00	198.000000
199	-0.88	-0.47	1.87	nan	nan	1.57	132914359586880095609984021290137688927391354909657654005937174817638084215622139379712.00	132914359586880095609984021290137688927391354909657654005937174817638084215622139379712.00	1.00	5.99	nan	nan	265828719173760191219968042580275377854782709819315308011874349635276168431244278759424.00	14.11	2.30	7.64	4.82	39601.00	7880599.00	5.84	0.01	0.00	0.00	199.000000
200	-0.87	0.49	-1.79	nan	nan	1.57	361298688406287447936182099119457259649839255735402633528056948719124725107533331562496.00	361298688406287447936182099119457259649839255735402633528056948719124725107533331562496.00	1.00	5.99	nan	nan	722597376812574895872364198238914519299678511470805267056113897438249450215066663124992.00	14.14	2.30	7.64	4.82	40000.00	8000000.00	5.85	0.01	0.00	0.00	200.000000
